        1000
   3671.9284397371575     
   3662.9482959937909     
   3664.9244817848917     
   3669.3386431681465     
   3671.1508340280143     
   2.1643166842736972     
   5.9012886944661105     
   11.616757496969671     
   14.520658865141371     
   18.148395093855676     
   21.213614782436313     
   24.168835011656011     
   25.779858846080625     
   26.911512653769737     
   28.922772034071823     
   32.370343212561856     
   35.255085739476897     
   38.289220698762136     
   43.441114940586580     
   46.739388706487951     
   50.789011816175297     
   54.561970902855002     
   61.390669237282495     
   64.476101935459226     
   68.261423652402343     
   75.420415614179262     
   83.932870882029533     
   89.745202574129920     
   96.982168600368581     
   98.755584865467171     
   102.22201226899290     
   105.90695692924697     
   107.60523180424623     
   112.58073626871011     
   114.43262819744888     
   116.74724780233923     
   122.43145701389807     
   129.17405422787567     
   131.97851549961419     
   137.53937042250345     
   142.00092768812985     
   147.29401002418325     
   151.64093561235518     
   154.82510285272920     
   157.85977025930382     
   161.14080731389120     
   163.61003339894825     
   167.17194634596117     
   169.16063457744008     
   171.53588320500887     
   175.85589645358118     
   179.87186358214439     
   184.06546354607644     
   191.19984027936476     
   193.31418854426957     
   200.19019959180386     
   203.83292592029642     
   207.79410425005196     
   210.13819262837447     
   213.07146923761269     
   218.29002037602248     
   225.42011375093290     
   228.57748037451250     
   230.72164406945933     
   235.73537347073918     
   237.41069106553522     
   241.68006635111308     
   245.11592065600820     
   247.91097480418460     
   251.72688301752254     
   256.04882857224800     
   260.13926402435771     
   262.27519841670392     
   265.07331583979368     
   267.79402269016720     
   274.00501492132742     
   278.18482020832676     
   280.18069320022022     
   284.11736988456533     
   286.48729907022272     
   289.53082881185082     
   294.14896477385571     
   298.59432251020411     
   302.85546920751932     
   307.95558997191989     
   311.66532717458477     
   313.93820250280123     
   317.99072404599229     
   319.85625793415710     
   321.81214592481405     
   325.49659103928491     
   331.29907620989400     
   333.95829345235654     
   337.92849066443142     
   342.28339385379604     
   344.23374604351039     
   349.24761647705907     
   351.05466274520586     
   356.99068061875317     
   358.61506841763543     
   365.22937607139926     
   370.18292132490575     
   375.80937119247051     
   379.26085504627480     
   383.84181486603870     
   389.76867327445154     
   392.70389253664553     
   399.71369200683398     
   402.51499836272467     
   404.98063092235282     
   406.58514501738676     
   411.01626257569495     
   412.97827474442369     
   418.56922635358694     
   421.27812216481988     
   423.28786140386768     
   425.26196962161436     
   429.05285948253373     
   434.06013285993890     
   436.36816660378281     
   440.30901808657006     
   444.34026034023640     
   447.40643308213794     
   451.96398444244818     
   459.25568649734134     
   461.53163738713209     
   464.19740508516287     
   465.99777100631474     
   469.37293323078342     
   473.61899841803580     
   477.22667485304771     
   479.36315103467649     
   482.18770949661388     
   484.14292873652948     
   486.75225326338779     
   488.96542603558714     
   491.43968395361344     
   496.26679574018527     
   499.91783349887032     
   505.40371208593012     
   508.44404511189924     
   509.83695073564883     
   512.67490994813011     
   517.47867228183179     
   519.91407693105452     
   523.11521351613192     
   528.50422105726409     
   531.61628886710309     
   534.07931824700051     
   536.65928451334651     
   538.19204573951333     
   543.30749438506029     
   545.01113454274150     
   546.24815150849702     
   549.44795197247697     
   554.40246339695409     
   557.77358208108603     
   559.98721634918707     
   563.67862976439392     
   568.39325280706532     
   572.34256779307873     
   574.44860505520091     
   578.11832050588885     
   580.37648721913217     
   584.71244226504075     
   587.97116020977319     
   589.72840908373871     
   595.92469333079612     
   601.37478373107626     
   606.00962717892116     
   611.22212634255300     
   616.58228976135240     
   620.66249365596389     
   623.37938308682203     
   626.67149772518189     
   632.02594634163290     
   636.95827600535370     
   641.87188501535445     
   644.92921251428049     
   647.32493615414387     
   649.11908227787569     
   653.08071444792427     
   657.30843637326689     
   660.98266249422932     
   664.25353943777304     
   668.90655919240692     
   673.82855250279351     
   675.98159428974202     
   678.24813595337491     
   682.57024807232369     
   685.33511727706104     
   689.69106447830075     
   695.16770734201498     
   697.55156356630755     
   704.32373169344180     
   706.57852642484022     
   712.33573582669237     
   715.51275381577477     
   717.47712480584801     
   722.85651044368717     
   724.54366910413148     
   727.06386591817682     
   730.28888402551627     
   734.93848679809230     
   737.43285716822561     
   741.61301967121778     
   745.80456802820765     
   748.98389100587792     
   754.90925344119648     
   760.21359651699856     
   768.22946794628592     
   771.01406618342605     
   773.35931634254655     
   778.45537633610502     
   786.12943147292458     
   789.32371680332392     
   791.42500330597170     
   795.70630119942223     
   798.36863741337993     
   800.79198431578675     
   807.34463337279249     
   809.44175331448912     
   812.79993661417529     
   815.51013795031179     
   817.04008571585575     
   821.12041003720719     
   824.93656681582820     
   828.06535249629394     
   831.22776471517216     
   837.33127669975511     
   839.79961112022863     
   844.61076540315912     
   847.40030701616763     
   849.34092612396751     
   853.25684715032219     
   855.89460560611906     
   860.38967279263568     
   862.94164279239817     
   865.41982008266859     
   867.43071518843919     
   870.83541574801905     
   873.47346594205806     
   876.40981658232897     
   878.71307112979366     
   882.69672203781931     
   885.89444885308058     
   888.11568811358131     
   890.84307871022850     
   894.24200941716981     
   898.66217950084058     
   900.20235015830019     
   902.17962328698150     
   905.78791822031167     
   908.64409336123549     
   910.13344072716598     
   912.79571207088827     
   919.45482415584888     
   922.91100693993099     
   924.80335595947633     
   931.15227080789339     
   934.31106377504193     
   937.98210338104707     
   944.83524802991269     
   947.03065774117442     
   950.11880160584553     
   952.78097603862079     
   960.28859014376144     
   964.04063511466200     
   967.89108447898775     
   970.02826477973144     
   974.46097200767952     
   976.93479127892135     
   980.42134561974638     
   985.83121709309842     
   988.98240839910227     
   991.46871535898470     
   994.27752679282617     
   999.97603984550813     
   1004.1258495323501     
   1008.7187943478820     
   1014.4176709104795     
   1017.8947412952456     
   1021.0542056244539     
   1024.8634176653507     
   1030.8964019651817     
   1036.6522647504758     
   1040.5902972750769     
   1042.6065592088223     
   1047.4209656746632     
   1051.6850955606349     
   1056.6439070935596     
   1063.9098141009538     
   1068.2267597941836     
   1071.4260290538443     
   1072.8462767494875     
   1075.3903690219518     
   1079.2300129145535     
   1083.9948024978430     
   1085.9956002444878     
   1092.3934015515679     
   1095.8501750102732     
   1100.6045902253722     
   1104.0019536694226     
   1107.8859518971367     
   1111.5595021968413     
   1115.1989535061753     
   1119.1836112736798     
   1120.5074378317283     
   1126.5214690209018     
   1131.3655008295470     
   1133.8456880632468     
   1140.8837265145617     
   1144.8589057557390     
   1148.6588381305928     
   1153.0231638817818     
   1155.7050446721291     
   1160.4326103807846     
   1165.0250619524979     
   1170.7112566210008     
   1172.9672788356188     
   1176.7327605659368     
   1179.2920378044730     
   1182.3932205680308     
   1185.7262689869797     
   1189.9692454220012     
   1193.3665724821244     
   1197.6659313714965     
   1201.2035305047236     
   1203.8382142520018     
   1208.1082029893041     
   1211.3891594550696     
   1215.2211416727118     
   1218.9516749797774     
   1223.2582349457327     
   1226.8916569821481     
   1230.8237870306484     
   1234.8975612124084     
   1238.6523908313202     
   1242.7510378873078     
   1246.8909668108436     
   1248.9155357748261     
   1251.3847183296291     
   1256.1227625747993     
   1260.2686789824486     
   1262.4246064536626     
   1266.9443961126105     
   1268.9976918323616     
   1273.4728191510897     
   1275.6172919180553     
   1277.1351363283702     
   1279.8331540449267     
   1285.5140191565151     
   1288.8363829863520     
   1291.0923082401844     
   1294.0760916043696     
   1298.0427061178648     
   1300.6878238123543     
   1302.6633122336627     
   1305.1730900267476     
   1308.7490169948303     
   1312.4173803179933     
   1316.0765473790075     
   1320.3001670458020     
   1327.3733326061711     
   1332.9457242335470     
   1336.5490465500654     
   1339.2433994068006     
   1342.7627469794709     
   1349.1506505391255     
   1352.8335364154859     
   1355.6889771610206     
   1357.7613052037952     
   1366.2148022105830     
   1371.0696176778042     
   1374.3304606601985     
   1378.0915548708988     
   1381.5612741894683     
   1384.9197405451000     
   1387.2464927742519     
   1389.9077936250758     
   1393.8520727539940     
   1396.9747794549239     
   1399.2698764531381     
   1403.3735867971354     
   1415.1353388991870     
   1417.5314932831577     
   1423.9848161208881     
   1427.1299000582080     
   1430.7606770873520     
   1435.3043919413772     
   1438.2143161806291     
   1443.0230326448682     
   1446.8741202737638     
   1450.4996285825459     
   1453.8485554299530     
   1457.9574534645251     
   1461.5866465192544     
   1466.0871045446706     
   1468.6838454825722     
   1472.6712561958573     
   1474.5079410213677     
   1478.5112345234527     
   1484.3731194239904     
   1485.8961118758928     
   1489.6371226788674     
   1492.4710547790676     
   1494.7841094671442     
   1498.6282014491314     
   1503.0572137769348     
   1505.3861319816026     
   1508.5997996098995     
   1511.7001444853761     
   1514.7737918246121     
   1520.0000981781368     
   1526.8026338999675     
   1530.8327055024470     
   1534.7329330797832     
   1538.7030925080076     
   1542.0458127336892     
   1545.9712246655224     
   1550.3539482976278     
   1559.0831895499734     
   1562.7495285238410     
   1564.6437797769977     
   1572.1217194290737     
   1575.1469194045160     
   1578.9608584311713     
   1582.2975777915528     
   1586.1401243783064     
   1590.9866313704301     
   1594.4608475049104     
   1597.5082324027831     
   1602.5144409488446     
   1606.4580266098378     
   1607.9763082631302     
   1609.9995983171002     
   1612.2342358969806     
   1614.8147360677413     
   1620.0501799369781     
   1625.0891829818347     
   1630.0368292158610     
   1636.6035170972275     
   1640.3279951691634     
   1644.7509748761497     
   1646.3162679145805     
   1649.6873646657868     
   1653.2424380737275     
   1656.1443417181481     
   1657.8109479774369     
   1661.4711753687830     
   1667.4214144918537     
   1670.3493530374267     
   1672.8934428334355     
   1675.9430673886757     
   1679.3258367397721     
   1685.6023576006160     
   1689.5558845090445     
   1692.4901052767225     
   1696.7446163268478     
   1701.1509128685530     
   1705.1744605993017     
   1707.8597444560296     
   1713.4991844585159     
   1716.9185071586949     
   1720.4654649530301     
   1725.8764958864497     
   1728.8455289570086     
   1732.7559324580398     
   1736.2921398915573     
   1739.4912110261957     
   1741.7989456321200     
   1743.2103644823817     
   1745.9153515540313     
   1749.0367376108177     
   1753.5776864458962     
   1760.1462587161614     
   1764.7309025350594     
   1768.3530603131635     
   1770.3624449797671     
   1772.6089969681111     
   1775.3969515563958     
   1777.0889959983874     
   1781.5103147631539     
   1783.6717540838722     
   1787.5360884575296     
   1792.2397302970580     
   1795.0318168403337     
   1797.1355381221499     
   1802.3742799678455     
   1805.0092363749873     
   1811.9834905920716     
   1813.5712933437362     
   1816.3047438513743     
   1818.3461264380653     
   1822.2946389195270     
   1824.2753566925951     
   1826.1701398288681     
   1827.7865007650823     
   1831.5942207811261     
   1833.9820350304265     
   1840.0396772623717     
   1845.5903559519129     
   1847.9076425608771     
   1852.3266370373369     
   1855.0943036382250     
   1857.4081664834491     
   1860.2436559566574     
   1864.3152805975355     
   1869.0169642452743     
   1873.9067583910871     
   1875.9977673206133     
   1879.7194080762793     
   1883.2313702248007     
   1887.4387965493074     
   1893.2705194635312     
   1898.0477212946628     
   1903.5856434119069     
   1905.7801584610402     
   1911.1334484623062     
   1913.6967632059752     
   1917.5323597397487     
   1922.6252882875542     
   1927.8426045574236     
   1930.6498183376277     
   1934.6813230405116     
   1936.9769076682785     
   1940.9324870753915     
   1945.7345943250220     
   1947.2324209862479     
   1949.8928696292198     
   1952.7272429410893     
   1957.2319911930970     
   1961.6242079950882     
   1967.5402687647700     
   1974.3415217951006     
   1977.2892972108878     
   1985.2145617239803     
   1989.3037698113308     
   1992.2797179506758     
   1995.8948268438442     
   1998.4005031241488     
   2003.1834289298354     
   2005.2499421045318     
   2007.8297113028937     
   2011.6501338526514     
   2014.3071181719188     
   2018.1433657063781     
   2020.6259839181134     
   2023.0890381821937     
   2025.2695540813538     
   2028.9510110588212     
   2031.2693496344266     
   2036.9387154242290     
   2040.3034458903119     
   2044.5408025009226     
   2047.8336108773422     
   2050.4387162895900     
   2055.0179204269639     
   2057.3980764256739     
   2060.3144226961103     
   2064.0241869548727     
   2065.9285967671854     
   2069.3247516983929     
   2070.5419909863344     
   2074.7330240142528     
   2078.0522304209694     
   2082.2590450009593     
   2084.7263337293411     
   2087.6430734833648     
   2092.8843510033280     
   2095.1263749795603     
   2098.0579234716629     
   2101.0735283257136     
   2103.0257474278410     
   2107.0471499647188     
   2110.9822619674751     
   2114.3442430492833     
   2117.2370656066641     
   2118.8983464420212     
   2121.0933798913152     
   2123.3143545548273     
   2126.7119161840737     
   2130.0582134558267     
   2132.4160848441138     
   2134.7625990513411     
   2138.8885037178579     
   2143.8939346253687     
   2145.6546413003316     
   2149.1747878790520     
   2152.4908212154892     
   2155.6544448773861     
   2161.0503439498762     
   2163.5561286405964     
   2167.2983774411618     
   2171.0902577757333     
   2173.6521570608120     
   2178.6485663258236     
   2181.4443146146518     
   2184.4028593454109     
   2187.0056449539788     
   2191.6224524727986     
   2195.7571196912800     
   2200.2561460751640     
   2204.3197416993380     
   2207.5466651443980     
   2210.5063040032978     
   2213.0758642245264     
   2215.3219631222628     
   2218.0292075527077     
   2220.6716242346301     
   2224.8628814742469     
   2229.0330024000209     
   2231.9715119498455     
   2236.2664013176322     
   2240.3157633621540     
   2246.6492913092598     
   2250.6910661343145     
   2255.1654861956417     
   2256.8759579217690     
   2260.8013602109709     
   2262.9139776772440     
   2265.4290451616298     
   2268.1607569225725     
   2272.9209078107265     
   2275.2744701327056     
   2277.2406439827973     
   2282.8388870315966     
   2286.7503264015545     
   2289.8204089745868     
   2292.4554027261788     
   2297.2109747912864     
   2302.0445122310653     
   2305.0437141215498     
   2308.3974417612867     
   2310.2938042998603     
   2313.0652576353245     
   2314.4721398086558     
   2321.3683720700069     
   2324.8589371351427     
   2328.1640288221047     
   2332.1415512693352     
   2338.0892987015168     
   2343.7807398623540     
   2354.1056645747585     
   2356.9622678696373     
   2361.5052263302723     
   2364.6865916599586     
   2365.6939611097719     
   2368.6719990065262     
   2371.4371612697091     
   2373.8411411408933     
   2378.0720754308272     
   2379.9123293465386     
   2382.8578913631300     
   2385.5772876423753     
   2387.0459458306482     
   2389.8573735387940     
   2394.0162463274860     
   2399.3213134226539     
   2401.4024881193204     
   2407.7712043660445     
   2409.4320651929143     
   2411.8564598131288     
   2414.9164009984138     
   2419.5300304143948     
   2423.8487167046787     
   2428.0714859338304     
   2431.1278034873135     
   2432.9326272090452     
   2437.3062310691662     
   2440.8258804453835     
   2445.9570693984588     
   2449.2216024881623     
   2452.6948059244924     
   2456.3043487391524     
   2462.2655403541298     
   2469.5859551610101     
   2471.6209611494155     
   2476.1150369611205     
   2479.5856930923701     
   2482.2365074801273     
   2485.1613011179579     
   2487.0805204423850     
   2492.2152814815645     
   2496.2692359856419     
   2498.4825281548151     
   2503.0748057223409     
   2504.9545003931448     
   2508.6008584111314     
   2512.9251205926544     
   2520.6485123140455     
   2524.0796890405109     
   2526.9876283390436     
   2531.8278885029199     
   2536.7997373746625     
   2540.3868358104796     
   2543.5175199056803     
   2546.3285028829177     
   2550.1129842582577     
   2553.9880375335483     
   2557.7916897902523     
   2560.5232370606896     
   2563.2831221645388     
   2565.8396576726559     
   2567.8033731172368     
   2569.7914019216760     
   2574.8693133079601     
   2578.8095045086957     
   2582.6039067523993     
   2585.2092814344360     
   2588.5552199807553     
   2591.9277136564151     
   2596.5939340027612     
   2605.4740881114344     
   2608.6505171366880     
   2615.8186971112432     
   2619.9574625817236     
   2623.5847616080168     
   2626.6964710544985     
   2630.0354045804629     
   2635.7576885652866     
   2638.9892149453881     
   2641.4033619215224     
   2646.1337815511861     
   2649.9171025734345     
   2651.3310002295711     
   2654.1516602808292     
   2657.1993505209825     
   2660.1132140958357     
   2662.6859278758279     
   2666.1542166661875     
   2671.0544650726788     
   2674.0475901393129     
   2678.1584682745442     
   2680.7852821818074     
   2683.3528810274756     
   2686.0011385787593     
   2688.8417869616537     
   2692.0392131391432     
   2696.2125409292266     
   2699.7906470338689     
   2703.7368785546860     
   2706.3492184821930     
   2710.6563473315082     
   2712.7192271972631     
   2717.1504310737369     
   2720.4480931579210     
   2725.5160029043950     
   2731.6075894620349     
   2736.1586836694819     
   2741.3077529132720     
   2745.4967832189723     
   2747.7951168373129     
   2750.0154273452040     
   2753.2797499247999     
   2754.9617068298157     
   2759.6426224382058     
   2762.2789511355954     
   2769.0696094450132     
   2772.3358889793176     
   2774.2862308592157     
   2777.1764548719161     
   2781.4955944330459     
   2784.8260885260415     
   2786.7479797927667     
   2790.2781986980694     
   2794.4441383108383     
   2799.7246312674915     
   2804.7137605826269     
   2807.8022648693773     
   2812.1721312131444     
   2815.8352506240667     
   2820.1334648227844     
   2823.4280245613700     
   2829.2130210151372     
   2832.6744943858312     
   2839.2407616061810     
   2846.5670403182949     
   2848.2605424859239     
   2851.7920711455963     
   2854.1585349019474     
   2858.3564895756790     
   2860.4126889003469     
   2864.4539568062974     
   2871.0699352140091     
   2873.5112864432444     
   2876.8618381374972     
   2881.0759654523877     
   2885.2374084420585     
   2887.1100201037125     
   2889.6478323932947     
   2894.6098961262046     
   2896.6798205758528     
   2900.6693762213695     
   2902.9779551368183     
   2906.2324094687906     
   2908.6955855480719     
   2913.9259363870974     
   2917.3856277500295     
   2919.3981450122042     
   2920.5602336093471     
   2924.2337937735711     
   2927.2596811384456     
   2930.2460622258209     
   2939.2427076656663     
   2941.6171435568858     
   2945.6557006019007     
   2949.3173551297596     
   2953.4299043143369     
   2956.4017942526111     
   2959.4248337656859     
   2961.4735241753988     
   2962.9102073739718     
   2964.6379239770504     
   2967.5924620518936     
   2969.5729157966621     
   2971.7123422908580     
   2974.3541524728107     
   2977.8031818103368     
   2979.7050098184832     
   2981.5639427896963     
   2985.1789860965628     
   2987.4532427795652     
   2989.5623381725668     
   2992.9595460769897     
   2998.6113659978546     
   3002.2248967710543     
   3004.0987413006897     
   3011.2304158645634     
   3017.3714339742933     
   3023.8940085127665     
   3027.3752467316576     
   3030.4115515197850     
   3033.2811062491210     
   3036.5245273410710     
   3040.6149501157533     
   3045.5469557838919     
   3047.2222589997759     
   3050.2381505980293     
   3057.3143308171511     
   3062.2218503807330     
   3064.7203265089747     
   3068.5911891460059     
   3071.0750936069244     
   3073.7445805861707     
   3076.4561771394806     
   3078.5220862056335     
   3083.0727105900796     
   3085.7684212123781     
   3088.0009896955885     
   3091.5981862447134     
   3094.0126356237529     
   3099.7354375451359     
   3105.1835115672461     
   3109.1140695756503     
   3111.5707317600823     
   3116.4207381804863     
   3118.2896168433417     
   3122.8744337571388     
   3126.1446387580954     
   3127.2091642114865     
   3130.4966510851932     
   3133.4654557229214     
   3135.7089016449381     
   3141.8476546157844     
   3145.4545545087508     
   3147.4892711469847     
   3151.7417593173609     
   3155.1765594529897     
   3162.0916252487032     
   3165.8954824198227     
   3169.5982526526777     
   3176.8118332066601     
   3179.7771815187439     
   3182.6544557055026     
   3186.0204101670834     
   3191.5471978318719     
   3194.3182620057673     
   3198.0300039321878     
   3203.2762012579478     
   3206.6853559090855     
   3211.2604541481464     
   3216.1055391836103     
   3219.9595204776151     
   3224.1817096199720     
   3226.3640571350079     
   3228.6317373241714     
   3231.6357936241589     
   3236.2276995442135     
   3242.6272051871838     
   3245.1061600815606     
   3247.7836429600775     
   3251.6294754202295     
   3253.9396537977082     
   3256.0234239583506     
   3260.3190797592974     
   3263.9282130835859     
   3267.4989216863823     
   3271.9874018171404     
   3275.0758001041509     
   3279.7282824019871     
   3286.4648619781851     
   3288.2640772241475     
   3293.1845649123384     
   3299.1219016841919     
   3305.1611091598620     
   3310.0487173058914     
   3314.6050913963190     
   3317.3428622461211     
   3319.9492878231458     
   3323.1751589505225     
   3325.6670829172726     
   3328.4180403542914     
   3331.5113260413841     
   3333.7539477726750     
   3337.9119116647512     
   3342.3979577582827     
   3345.6181502871291     
   3351.7047180605387     
   3357.5830902224025     
   3363.2128042781274     
   3368.2569699642577     
   3374.0080905943346     
   3383.1903543121275     
   3387.4545811479516     
   3390.3093635111459     
   3393.2043008478281     
   3396.7286756335802     
   3399.5811132808954     
   3402.3108687493409     
   3406.3332686549438     
   3409.9579390017034     
   3413.7703287965915     
   3418.9629038700559     
   3422.3454475444710     
   3425.5277717095482     
   3427.4609564304019     
   3430.3239447962915     
   3434.6982378982038     
   3438.9566006711575     
   3442.2168305240643     
   3446.3430630556563     
   3449.1793518673799     
   3452.2596172755830     
   3455.6057375069936     
   3459.3938780228532     
   3463.4088724989087     
   3465.8620157450187     
   3467.8176283543025     
   3470.4722259104788     
   3471.6038030489176     
   3475.6614309275137     
   3480.1573533804258     
   3482.4260083372137     
   3484.7654833343140     
   3486.9825703940301     
   3490.1662504799483     
   3492.4141145239569     
   3495.5314600273778     
   3498.0545761089143     
   3502.5869064056287     
   3505.4366744455147     
   3513.0532447817800     
   3515.9848945530171     
   3518.0025596085097     
   3525.0076341282711     
   3528.5767002311254     
   3535.0246788826580     
   3539.5019019137412     
   3542.2903987480918     
   3546.5164272567790     
   3552.1420936114127     
   3555.7693960125057     
   3557.4899646811737     
   3560.5432456957856     
   3563.7727779660045     
   3567.0731568247770     
   3571.2068625039319     
   3573.9950652279476     
   3578.2254863802036     
   3583.5182109320681     
   3587.9495643218238     
   3591.7209719663915     
   3594.3933830324941     
   3600.5575665033639     
   3603.3896594445036     
   3607.3730581190234     
   3610.4405361568151     
   3618.2137857211142     
   3625.5473657600010     
   3628.9956530202612     
   3631.1689880656245     
   3633.7084602839686     
   3637.0172415096536     
   3640.0705019089214     
   3643.6869697664465     
   3645.8108515054359     
   3649.0448623545558     
   3651.5611533114666     
   3654.4529909214807     
   3658.8713845805391     
