        1000
   1800.0000000000000     
   1793.1680760397403     
   1794.0514516175012     
   1797.3929205601762     
   1798.9820258954862     
  0.18451293590163184     
   1.7328754707539495     
   3.0570418102559112     
   4.3310705665304168     
   5.6416496349989211     
   7.1824693994509428     
   9.7479262071109734     
   11.812315230215249     
   14.475093869941405     
   16.405682113300436     
   17.479705158040293     
   20.098446571175128     
   21.311933878288318     
   23.450063827100070     
   24.910282793797773     
   26.578968595211805     
   28.267623942329482     
   30.508876156726370     
   32.022536418068455     
   33.094024794514048     
   35.320968624045406     
   37.195765884634561     
   38.559153651403740     
   40.112800395140155     
   41.791782717813462     
   43.429187328323046     
   44.962358183274937     
   47.093124000828162     
   48.895673850031450     
   50.990505793602630     
   52.216908204646685     
   54.437400130667605     
   56.295990485783733     
   57.923566765482221     
   60.147109669386886     
   61.234497916777656     
   62.821440713666007     
   64.818653268561022     
   66.474658520954151     
   69.183985116032133     
   71.137229898876001     
   73.725560441378803     
   76.394584172770692     
   77.804143055861687     
   79.779205808853590     
   81.402407349920693     
   82.965321876164865     
   84.632596995552433     
   86.132298105440668     
   87.702803601254985     
   89.268887595404848     
   91.555241086996347     
   93.035857929508140     
   94.247410224883780     
   95.806461219752350     
   96.980552573621921     
   98.379907340799107     
   99.463498202859839     
   101.27174314130595     
   103.02734580056824     
   103.99679104332229     
   105.99299817872719     
   107.63946114484646     
   109.68218567013948     
   110.96092746263447     
   112.30716620660652     
   114.36339154813128     
   116.05929208980933     
   117.88720614540152     
   119.42759699349367     
   121.08267865783975     
   122.76563922243319     
   124.66000630274868     
   126.01122547684984     
   127.69320398830021     
   128.80435397718426     
   130.54422992961662     
   131.99912527950883     
   133.80907458312430     
   136.22432818231141     
   138.21238649496098     
   140.86337250468557     
   143.60096487090343     
   145.25487294123610     
   147.06742658217485     
   148.78808567642648     
   150.14203371572501     
   151.13096270422969     
   153.30042659082989     
   154.62043527961049     
   156.47201990701706     
   157.61981632087077     
   160.14563604234073     
   161.39327661167712     
   163.01812738766503     
   165.29863319482419     
   167.32195134639451     
   169.49611922594090     
   171.77434098243526     
   173.30409522058443     
   175.29794136048923     
   176.85255822090150     
   178.64250695867827     
   179.55952160395026     
   181.00129273131057     
   182.52225159157956     
   185.42575019114460     
   187.95829206291344     
   188.93510752215141     
   191.26807596650511     
   193.08799772521712     
   194.66086219906384     
   197.67044570164913     
   199.49630734860170     
   201.21950097377865     
   203.78592216304278     
   205.27030520487509     
   206.32477779248313     
   207.32194118344279     
   208.56856174281918     
   210.49649863217826     
   212.06313771027379     
   213.08192530296211     
   215.22825523364924     
   217.65869037520582     
   219.65711059763512     
   221.92159840451018     
   223.26456560852876     
   224.64974402866622     
   226.92647243935929     
   229.19291119824589     
   230.44070632081787     
   232.50995941738498     
   235.24589853898223     
   236.46636862352869     
   238.72172755128614     
   239.99032034153717     
   241.65676364008161     
   242.47002157180381     
   244.40337564590592     
   245.72034124741018     
   247.80307405314448     
   249.89019271569703     
   251.90917713741527     
   253.35115673389214     
   254.95859159772900     
   257.21019002385674     
   259.46746527788491     
   260.86983138239697     
   263.60886438045765     
   264.76357418159819     
   266.29552307040956     
   268.51197202888409     
   270.87356194205461     
   272.33479612139593     
   275.24094609861390     
   277.48462375814324     
   279.66373304051916     
   281.23583586942317     
   282.47301329243129     
   283.52860254742507     
   284.64759751532114     
   286.30201885889085     
   288.36131878838125     
   290.95961195670611     
   292.62483789801468     
   294.06217374955753     
   295.21332864732813     
   297.38408079899011     
   300.00910654558680     
   301.41174757732557     
   304.84488958033495     
   306.31204700094759     
   307.58433181571576     
   308.40996143306722     
   311.87610049108935     
   314.26215170524131     
   315.92606045447820     
   317.92055362676729     
   318.99437961992686     
   320.64015380507016     
   323.82277853826821     
   326.07210074209769     
   327.83783926303863     
   329.59991339933805     
   332.16871692872638     
   333.93513360870293     
   336.28164240675221     
   338.39679575240109     
   339.87416404772426     
   341.05289677260464     
   343.05444387446056     
   345.30824086130940     
   347.62468296686285     
   349.15277706772326     
   350.86422932754749     
   352.80662053690105     
   354.13854078168686     
   355.68503521070028     
   358.39258978342605     
   359.77910527937098     
   363.25718602437985     
   365.34961745528568     
   367.65513228653151     
   370.05294176038478     
   373.01346302797020     
   374.61601213228579     
   376.86812158446185     
   379.94418334729812     
   382.19516266247064     
   384.62205952969072     
   386.14211596680400     
   387.39823415682474     
   389.45263025072097     
   391.13231787656696     
   392.25097894393809     
   394.19363579310556     
   396.05398260192430     
   397.77713718529731     
   399.85121498023943     
   401.99280159997738     
   403.87334668833921     
   406.34234687238813     
   409.03566889118093     
   409.97407464284430     
   411.68209318384288     
   413.20176436994632     
   415.77978163026842     
   417.53208627483212     
   419.45652750828162     
   422.17954889451892     
   425.37620558593920     
   428.74227588368001     
   430.18695731791109     
   431.09315314720868     
   433.22953765929270     
   436.61085338144613     
   438.45560840258543     
   441.29098569337799     
   442.64978529514565     
   443.77783137786400     
   445.36265612734832     
   447.37207397949993     
   448.73739341267282     
   450.12923342862337     
   451.71481578129084     
   452.96538066006985     
   454.27601272855378     
   456.98989665349416     
   459.11101173343633     
   462.26347897330135     
   464.34959737577844     
   465.81565737747326     
   468.34473465637654     
   469.12394229363156     
   470.64576976761128     
   472.35980238994176     
   473.72029996891172     
   475.81473849611785     
   477.34782900236803     
   478.53967412050088     
   479.79838420461033     
   481.29997935253590     
   483.66035646355334     
   485.17032161257646     
   486.24482666956459     
   488.60659757244315     
   490.83792220470934     
   492.23377271947345     
   494.54203453569022     
   496.82126832785542     
   498.20316753814296     
   500.55005068760045     
   502.21798995020140     
   503.15968701473707     
   505.22801659727452     
   506.30862270974728     
   507.96290196293990     
   509.46599672555135     
   510.54551853761654     
   511.80704249070499     
   513.78565696555779     
   516.30064411259093     
   518.04211064533581     
   519.88345644214098     
   521.76715966348161     
   523.68487373021389     
   525.21979894962840     
   526.68843150624036     
   528.39175141031160     
   530.13424715699750     
   531.98661508640453     
   534.76820793598790     
   536.50455949092816     
   537.71015156419855     
   540.51390822854694     
   541.68428687936091     
   543.13291063502982     
   545.52298782384105     
   547.77032075017144     
   550.19599021206557     
   552.01303477830413     
   553.27168876328187     
   555.31929475426989     
   557.83661352163460     
   560.67491513257596     
   561.91166511977247     
   565.14401157838472     
   566.27041893954140     
   568.17823650981654     
   569.52197637073493     
   571.51962939076259     
   572.64294551606145     
   573.92766436825684     
   575.23705480950605     
   576.82638382299547     
   577.79095471873711     
   580.23224132596170     
   582.41449367811902     
   583.73077789568231     
   585.44544693320120     
   586.74610414748213     
   588.26941308630023     
   590.61322421542525     
   591.90245004463918     
   594.16398250560883     
   596.17693463075886     
   597.74856630171837     
   599.71239500360946     
   601.51986262139758     
   602.87147149241150     
   604.53812087529491     
   605.82601652506082     
   607.57209619559671     
   608.79075787463216     
   610.82486822863461     
   611.99967769895864     
   613.70606411514802     
   616.48143087068979     
   617.84071889860081     
   620.14864837758489     
   621.04251724144513     
   622.27986141329518     
   623.80309506668505     
   625.58938425659403     
   627.53315570482266     
   628.75803997194760     
   630.52521234939343     
   631.89523137688877     
   633.90654871649883     
   635.42331253842849     
   637.83553766327134     
   639.31548843594533     
   641.26250253313174     
   642.42356285255119     
   644.30201627020767     
   645.96359577483906     
   648.45606962678266     
   649.62118659806276     
   650.83286931165946     
   653.04603887089274     
   654.55943828334398     
   656.07943991399281     
   657.96094037490650     
   660.65837956015218     
   662.22693740606883     
   663.86167704558693     
   665.03740542464084     
   666.99803686356086     
   668.00050471303689     
   670.44780136439840     
   671.88919231915020     
   673.91581490242550     
   675.29385395548968     
   677.17605346835444     
   678.86783899930003     
   680.38416180830893     
   681.93977410923355     
   683.50746529136836     
   684.44520022125459     
   685.69982235634347     
   687.90360885045652     
   690.25534249862562     
   691.33337234855685     
   692.99712142862950     
   694.07376899695691     
   696.12094254788531     
   698.22976899317564     
   700.08516650196987     
   702.51819194516179     
   704.56298097472484     
   706.72812429389774     
   708.91440821303581     
   711.08373925517969     
   712.93512946999101     
   714.27470310605645     
   716.64460365749824     
   717.61170236346322     
   718.86894923619411     
   720.59184826491742     
   722.12037819215345     
   723.53074753370277     
   726.37349463006171     
   728.85519285703674     
   730.61276303155796     
   731.78423085976669     
   733.88700777699785     
   734.95099223384159     
   736.99830836576643     
   738.36163951948413     
   740.01540481979407     
   742.25489164253815     
   744.42358091620565     
   745.65768127027843     
   748.47505765763492     
   751.44265790205327     
   752.60685552962616     
   754.81583390309311     
   756.08577993223093     
   758.56705428579608     
   759.78430334070902     
   762.11635376736263     
   763.89884896048670     
   765.85098487441576     
   766.75452141319715     
   768.23560446877696     
   769.87793287906777     
   772.02889927880187     
   773.47745596544826     
   774.97933623194717     
   776.95496203850905     
   779.62353910817262     
   782.43699787246771     
   784.41277098687056     
   787.18283062890475     
   788.78370262827912     
   790.15243428331416     
   791.30717977479731     
   792.57782967823312     
   794.42658265740465     
   796.11299056655389     
   797.58459583905596     
   799.24125605786935     
   801.13607696633869     
   802.70861339329974     
   804.18314059061288     
   805.99518999696068     
   808.09798546685408     
   809.95940236761123     
   811.21660344085365     
   812.09393677217486     
   813.21476372357358     
   814.94507255887800     
   816.96116453021284     
   818.73931483777790     
   820.29575511880660     
   822.03241554161650     
   823.16961936822031     
   824.88327379217264     
   827.20764262192085     
   828.80795934203547     
   830.31301965432272     
   832.43750345123135     
   833.53821380164788     
   835.23295170991685     
   836.73020174801218     
   839.52165858892874     
   840.50387920084688     
   842.15987765713771     
   844.72678881918534     
   849.17507285895363     
   851.62663306211982     
   853.43520168236410     
   854.83255738472019     
   856.30953966180982     
   857.81700886139174     
   859.29104326455501     
   861.22788040483397     
   863.08984452523612     
   864.70056945290287     
   866.45688066022842     
   867.95250697267625     
   870.06869009929983     
   872.34513703461732     
   874.12986983986877     
   875.87704417893940     
   877.55943807897700     
   880.04680212877861     
   880.94767747723370     
   882.31817357044326     
   884.03577746903898     
   885.69965687192723     
   887.21263752939012     
   889.20532163982546     
   890.37602554706325     
   891.79907909814790     
   893.38924137782919     
   895.00484735821988     
   897.36141681048844     
   899.20307148506640     
   900.08503436566707     
   901.93028881035275     
   902.73438162299897     
   904.21666304333075     
   906.34366055784096     
   908.07795169757378     
   909.64048325184001     
   911.21652323348428     
   912.94136022472276     
   915.36850073198536     
   916.98563578108019     
   918.44410970483318     
   919.74269290488189     
   921.13471324762622     
   922.52944695421229     
   925.21509630542528     
   926.94885463893127     
   928.32672356647277     
   931.40612614937436     
   932.93114279541942     
   934.71152545729331     
   936.86067088198160     
   938.30769183619202     
   939.35557773521907     
   941.35887607015536     
   943.82205491832701     
   945.25267623775517     
   946.33305183207403     
   948.77444437215809     
   950.68977179509500     
   953.10363735734950     
   956.02657005973299     
   957.86703883047619     
   959.31711879993406     
   961.00636878893692     
   962.92602389739613     
   964.64284681860556     
   967.79648513805648     
   969.07781473150783     
   970.29961058701429     
   971.46224801962376     
   973.44513813746437     
   974.63200429777385     
   976.76719813306499     
   979.04124252577651     
   980.38690752395507     
   981.59051009669815     
   983.37523689062084     
   985.23438238717574     
   986.80107738928405     
   988.01806204883394     
   990.55704046966491     
   992.14853937050952     
   993.60516321583316     
   995.88388389011322     
   997.72182576457624     
   999.36156690050041     
   1001.1122951461862     
   1003.1470860450347     
   1005.0422949894926     
   1006.1370984660973     
   1007.3406462956621     
   1009.5794154331858     
   1010.8954862634130     
   1013.5252506077593     
   1015.3149454214479     
   1017.3527443274577     
   1018.7654031544871     
   1020.5764593366275     
   1022.5538212126414     
   1024.3421255757798     
   1025.7449654225775     
   1026.9069577345590     
   1028.4888304347494     
   1030.9559755508139     
   1032.6429436350825     
   1034.1685083302350     
   1035.6439535409618     
   1037.7564711082566     
   1039.2516743701835     
   1040.6893471616888     
   1042.8808388472185     
   1045.6857133245223     
   1047.4669388030125     
   1049.8075530373119     
   1051.4412731174016     
   1053.2768700110248     
   1055.0944112535990     
   1057.8971883024540     
   1060.2316272007351     
   1061.6214856513977     
   1063.3419407831839     
   1064.8762655527003     
   1066.3135023644766     
   1068.9196446890364     
   1070.2332684562384     
   1072.8421746709575     
   1075.8928845301680     
   1078.5268905827929     
   1081.0279162281086     
   1082.8862592918420     
   1086.0061700852345     
   1087.6090491037905     
   1088.5958677527981     
   1090.6549208834576     
   1092.7685957382773     
   1094.2766067917282     
   1097.4236151576208     
   1099.3693896708842     
   1100.5592666678651     
   1102.9903695349649     
   1103.9614122453445     
   1105.7520144189768     
   1106.6957243700053     
   1108.6320225934599     
   1111.6967201051320     
   1114.0073405961120     
   1116.3110296710661     
   1118.0731382298097     
   1119.5667677043848     
   1121.2400499922617     
   1122.9749717016593     
   1124.7777971413984     
   1126.6021473560006     
   1128.6726485344009     
   1129.6860963025310     
   1130.4822156901171     
   1131.7264166694633     
   1132.9145281542262     
   1134.6150601390320     
   1136.9061074820620     
   1138.8037581113151     
   1140.2496001547686     
   1141.6973659560645     
   1143.3108631026100     
   1144.8586735261079     
   1146.2652196804268     
   1148.0648747194800     
   1150.0679697130549     
   1152.7728422817115     
   1154.5608299350940     
   1158.2210836437430     
   1160.6275802706464     
   1162.0302732675746     
   1164.6205480585722     
   1165.6104272564112     
   1168.5583237302046     
   1170.3612178508859     
   1171.4354462636477     
   1172.7840071578132     
   1175.3354248994838     
   1177.3390891899071     
   1178.9838796133618     
   1180.4663738673939     
   1182.2871853323920     
   1184.6415258518666     
   1186.4164063944638     
   1188.4446923476398     
   1189.4422856016954     
   1191.5460557057997     
   1192.9882203239101     
   1195.3232020914938     
   1197.4572567186531     
   1198.5615429674604     
   1200.2343363810833     
   1201.6899581554549     
   1204.4719269618843     
   1206.8853180566002     
   1208.5470589640736     
   1210.8882223808014     
   1212.2115767871098     
   1213.5087728454496     
   1216.1590688261115     
   1218.2950108167836     
   1219.5476520628806     
   1221.4623602693102     
   1223.1766758832532     
   1224.3488985185040     
   1225.8622323517959     
   1227.1267771771309     
   1228.3245949832904     
   1229.2081366374921     
   1230.3779412070776     
   1232.5373792099720     
   1234.2530328282435     
   1235.6618779977944     
   1238.5637550250565     
   1239.7697313394326     
   1242.3876225846914     
   1243.5360461091864     
   1244.5819574511120     
   1246.5125644655127     
   1249.0789460954495     
   1251.1532101401056     
   1252.8732723438573     
   1254.0081562068683     
   1255.4224694566094     
   1256.3921582212345     
   1257.5898154313754     
   1259.3105929726255     
   1262.4758436175587     
   1263.7619488727905     
   1265.6762137838159     
   1267.2960878872254     
   1268.6366210684882     
   1271.0588887231327     
   1272.9042924504643     
   1275.0928970696480     
   1277.5733710654954     
   1280.0758113219542     
   1282.7160111048520     
   1286.1588771807590     
   1288.4173146291564     
   1289.4702021276635     
   1290.9933981482588     
   1292.0434473407906     
   1294.6887145339801     
   1295.7622695653979     
   1298.4024894565973     
   1299.5281033895860     
   1301.8580684946201     
   1303.0708412198621     
   1305.5292702060988     
   1308.1291027949283     
   1310.1661121657921     
   1311.4436326044988     
   1312.9752800806091     
   1313.9500454735664     
   1315.9966140536378     
   1318.8253165629328     
   1321.2619326219867     
   1322.6716504237247     
   1323.9533546684772     
   1325.5448593596975     
   1327.0415820989492     
   1328.4660948015419     
   1330.1991524648026     
   1331.8962287407792     
   1334.3737011715530     
   1337.3527435827384     
   1338.8080813462673     
   1340.7356950905862     
   1342.8057999220021     
   1344.6510862815562     
   1346.7865117388476     
   1348.7636045815348     
   1349.9800926639412     
   1351.4874527969391     
   1353.8982003838039     
   1355.6962569283903     
   1358.2545481339130     
   1359.8879860743650     
   1361.8426462558334     
   1363.5551636848502     
   1364.6546724872990     
   1366.4914412296941     
   1368.0765302310317     
   1369.6359863655855     
   1371.2879796998391     
   1373.7490880087241     
   1375.0443539350977     
   1376.0570079844958     
   1377.2833179184881     
   1379.8928517289992     
   1381.4202552451040     
   1382.7447461541119     
   1385.5117839345746     
   1387.2957964989166     
   1389.1915206039912     
   1390.9013654722742     
   1391.9122243047407     
   1393.6799953692496     
   1397.0386145795298     
   1399.0635446198096     
   1400.8305068070083     
   1402.2902508333095     
   1404.2556995139773     
   1405.8444783382115     
   1407.1644015027632     
   1409.7183946678156     
   1410.8461473792886     
   1412.5723996312306     
   1413.4782510705359     
   1414.3708786331358     
   1416.3662087811094     
   1417.7825424204048     
   1419.1684423503229     
   1421.3542043250529     
   1423.3550416320115     
   1425.0257132916774     
   1427.2980003289797     
   1428.6012354324637     
   1430.5454374809055     
   1432.4757478558279     
   1434.2412140074348     
   1437.1076504408525     
   1438.2369861752536     
   1439.5884936683435     
   1441.4436592263089     
   1443.9050654031153     
   1445.5248928423464     
   1447.2853119110023     
   1448.2203542390052     
   1450.3922815317824     
   1451.9634107850668     
   1454.4022643964020     
   1456.3813306248294     
   1457.6318013417701     
   1459.1554479357878     
   1461.2762695867025     
   1462.7917804690164     
   1464.7062557673512     
   1466.8506480167605     
   1468.3884225155339     
   1470.0543150904766     
   1471.5660972276612     
   1473.1888414003690     
   1475.0860494259432     
   1477.5387219861807     
   1479.3620911965620     
   1481.0438459577167     
   1483.8385840052488     
   1485.7329664812351     
   1486.6474004272845     
   1488.0037442391179     
   1490.2122057412071     
   1491.9047629410722     
   1494.4842055255290     
   1496.5199577696515     
   1497.6448529209465     
   1499.6862831587889     
   1501.8992738492566     
   1503.2977161530689     
   1504.8831605463488     
   1507.1920611399398     
   1507.9522719752522     
   1509.4595094873785     
   1511.1828892556675     
   1512.9235356300530     
   1513.9722624557337     
   1515.0403369098601     
   1516.7550229461553     
   1518.7104188157616     
   1520.0137907767366     
   1521.6046664951500     
   1523.1347413408616     
   1525.3725597742960     
   1528.2181181906299     
   1529.9840852793782     
   1531.5438806021978     
   1532.8402392269325     
   1534.1606002934466     
   1536.2601316246605     
   1537.7082655066915     
   1540.2286110674966     
   1542.7050721837659     
   1543.8628100332965     
   1544.9440558243643     
   1547.0525607530838     
   1548.7378507016140     
   1549.9503636417699     
   1552.3572375739102     
   1553.1685370532643     
   1555.3689593730430     
   1557.3969026009552     
   1558.6367163031121     
   1560.0719672374532     
   1561.3227659654071     
   1562.9839193744631     
   1564.2477384260346     
   1566.5932670333189     
   1569.5337779071617     
   1571.7442803455208     
   1573.5430845044564     
   1576.2237113169269     
   1578.0604196985789     
   1580.3472547669501     
   1582.3096865810455     
   1584.3137992713437     
   1585.8942118370305     
   1587.2287180212127     
   1589.1663346626062     
   1591.7620545087623     
   1593.5113553046342     
   1595.0623909178823     
   1596.8706118183184     
   1598.2861056385816     
   1600.1617079595665     
   1601.8429204622141     
   1603.9338544019590     
   1605.2897752183171     
   1606.8897804055052     
   1609.1754886402243     
   1610.4522892059651     
   1611.5567986715992     
   1613.4437115232004     
   1615.6829442234471     
   1617.8351440765603     
   1619.1719576810610     
   1620.6779648927920     
   1622.0655111050899     
   1623.7499699746179     
   1625.8033615636659     
   1627.1004657934811     
   1628.5257292964563     
   1630.0986301071948     
   1631.9678775712159     
   1634.3084086595923     
   1636.9269265627286     
   1638.1513494752674     
   1640.3047477231532     
   1643.3300573590489     
   1645.4075674836677     
   1647.6766662096607     
   1649.3513187548212     
   1651.1223567005911     
   1651.9817685476835     
   1653.6897758981056     
   1654.9334138390745     
   1656.2495712022144     
   1658.5893095764482     
   1660.7912366104124     
   1662.7565115861114     
   1663.9336410294770     
   1665.2937464524762     
   1666.4249580799444     
   1668.3839951724904     
   1670.6857366905556     
   1672.5540730441503     
   1674.3390962719707     
   1675.6860229633473     
   1678.2404257346595     
   1679.4066750759800     
   1681.5995791908840     
   1683.6097830047779     
   1686.2108114152882     
   1687.6325862575043     
   1689.7195196960513     
   1691.0129522609004     
   1692.2148748455470     
   1694.5397305726833     
   1695.6053309688459     
   1698.3566403361349     
   1699.7796556933888     
   1701.0601704241119     
   1702.5713991659425     
   1703.9948582355894     
   1706.3453072956099     
   1708.1853597701631     
   1709.4460152898425     
   1710.8097840795076     
   1711.9607935677834     
   1714.0879330698049     
   1717.5733520833298     
   1719.7988680294616     
   1721.5544195967916     
   1722.9191467826565     
   1725.5820932895292     
   1726.5744820875943     
   1727.8337581642961     
   1730.6696019372152     
   1731.8995082559763     
   1733.7995491295719     
   1735.4121631816729     
   1736.7789781789736     
   1738.7152528663373     
   1740.4425339034128     
   1741.8668786959781     
   1743.5363527535440     
   1745.2937878223343     
   1746.6888126079684     
   1748.2772062215815     
   1749.7003881651376     
   1751.4328033866923     
   1752.5036521172669     
   1753.6788722833144     
   1755.9462529384273     
   1758.3403100617236     
   1761.4727919605182     
   1762.7485744489163     
   1764.4900010715855     
   1765.8961653757169     
   1767.3692331373734     
   1769.4931944627619     
   1771.1058222305635     
   1772.1130142438201     
   1773.8915440624166     
   1776.5180395040713     
   1778.1253103061674     
   1779.5781233347018     
   1780.9871053828329     
   1783.9630405552798     
   1785.6970296706888     
   1787.6716281472898     
   1789.5022394243194     
   1791.3330905582941     
