        1000
   4000.0000000000000     
   3998.1542071177828     
  0.31462254076910995     
   8.6736222098900040     
   11.768121422190939     
   14.057912012646394     
   16.222248506523727     
   18.310387598451669     
   20.931030996320320     
   23.708582613847881     
   28.854552470042542     
   35.138262149673807     
   40.696323790501737     
   43.401200202868552     
   47.187563611068050     
   49.479220116934925     
   53.889918250608687     
   56.930061257696870     
   63.007517023557419     
   69.545433517557711     
   72.781958042432180     
   75.976184005247106     
   80.482865798145241     
   84.841776433535728     
   89.172281539361023     
   92.309291954197207     
   96.438651170261494     
   99.830681422758730     
   102.12891361599020     
   106.81983486211010     
   111.09732607198711     
   113.47891754166213     
   116.16800893626768     
   121.70320112699855     
   126.32940620670651     
   134.26433625491919     
   137.90010996998640     
   140.36119576728009     
   143.28337085951759     
   148.66550207530270     
   150.95278353186018     
   154.14255608580834     
   158.00542220703247     
   161.91993962369335     
   165.11958670262527     
   167.65239785626173     
   172.88969987238974     
   176.31144759659216     
   179.89159931881446     
   184.23020511744062     
   188.61758594305417     
   195.11275923263827     
   199.17253772240110     
   203.02513123306224     
   205.22387009029134     
   211.86860561613733     
   214.61664629024196     
   219.80780145430316     
   222.85545371700687     
   227.86792870156219     
   231.04656984373591     
   233.26811096715915     
   236.55338697536089     
   241.78362304466603     
   244.29570820882864     
   247.86446128296578     
   251.24372389794721     
   254.81307693263221     
   257.84500036788910     
   259.70427803192126     
   263.31083973076483     
   271.16458675368858     
   273.92208538196735     
   276.34858721908529     
   279.41664548634515     
   282.81546912921635     
   285.20074903616057     
   287.73256472642259     
   289.51204225398214     
   292.87498022577643     
   295.63537852379602     
   299.72938193524266     
   302.22756112654815     
   307.36606198989870     
   311.41650818861928     
   316.25301853939112     
   319.14516294963624     
   322.65572958961724     
   327.19414188565071     
   332.46241352426409     
   335.07599927023438     
   337.39146004944240     
   341.47421535407648     
   344.46729604592474     
   349.53028103718822     
   356.23080640754716     
   359.22930085068401     
   364.16321461236112     
   366.93557270968114     
   370.80672437393497     
   375.44436789033136     
   380.87301419583588     
   385.80516992448486     
   389.28741882941591     
   391.24315331742383     
   399.37039568195559     
   406.76831812163653     
   410.63994096207927     
   413.17433222691432     
   416.38281323160845     
   420.35239676465625     
   426.43382140184798     
   432.46748919583246     
   437.34903852730412     
   442.00822656693850     
   446.66854890287351     
   449.45125018031808     
   454.99946223025250     
   457.06393982465607     
   460.63173806785733     
   464.29239678345965     
   466.37465723636188     
   468.96701895958097     
   473.64396868031662     
   477.11745378997693     
   481.79748984407149     
   485.21266161461608     
   491.16806292889589     
   495.56437521330940     
   498.57199717875443     
   503.12143558774312     
   506.55678277423078     
   510.99780221107812     
   514.87049950792925     
   517.19700680986341     
   524.54776797302975     
   526.89195278576813     
   529.20763965214951     
   535.98630173153674     
   539.03573254027083     
   542.08918245325981     
   544.15748055434187     
   547.40068696746141     
   551.87551358723056     
   554.86166564528503     
   558.66619321850317     
   563.01305252156544     
   568.03652865748313     
   571.62144338922849     
   576.42923557205540     
   578.65379630753125     
   585.81556028380692     
   588.42827628808186     
   592.22427637792123     
   595.32390405575768     
   602.91533447524660     
   604.89727258873904     
   611.92749996387329     
   615.71518612775969     
   619.86360765172117     
   623.29557112225007     
   627.86366357751513     
   634.02237649174253     
   636.85664473522309     
   639.12677008085757     
   641.97237399854578     
   644.92614677143956     
   647.42125632463240     
   651.47836823280488     
   656.02410076376441     
   661.86221233038100     
   665.68043652941208     
   669.36340402124142     
   673.47086108371263     
   677.70935802236556     
   681.08955371090087     
   683.97377102511632     
   688.81298865819565     
   690.26937537745448     
   692.34589066923536     
   696.69961067665054     
   702.22727541756069     
   705.98205967573961     
   709.14602869819089     
   713.00107726588851     
   717.65150740053150     
   723.09631276490541     
   727.46657300490654     
   733.36510911946607     
   735.58170132382577     
   739.11479763022919     
   742.07747087857354     
   749.62037602971907     
   752.48143295674095     
   754.93144189311806     
   765.01321446546922     
   767.31501959738296     
   770.56063220926433     
   773.84238418083396     
   779.42825520420206     
   783.82532466243208     
   787.00874268169866     
   792.15681483522042     
   799.53260603867648     
   808.06074637209042     
   811.57823545870156     
   818.25745289644794     
   824.74002593632770     
   827.71061437776802     
   831.49716315665660     
   836.99761022456016     
   842.26944569677482     
   848.01848255605137     
   854.21295288753083     
   857.06564532730158     
   862.25318435853796     
   866.79234766997570     
   869.24214837995646     
   871.08685064936185     
   872.74304013414701     
   876.31179988871111     
   879.61424589497756     
   885.87268697681384     
   891.77718449146687     
   897.33363181922061     
   903.22676548436993     
   909.62280374464831     
   913.00134431481945     
   917.67920246857932     
   920.67119756866975     
   924.59642053649270     
   928.87132244082841     
   943.73394442281358     
   946.59275719244988     
   949.84218132511091     
   954.10936077885219     
   958.63996154267943     
   963.45514602911294     
   966.25406023035544     
   968.66622191281613     
   976.38798252910738     
   984.22653626765816     
   986.98739272160151     
   993.60588047123440     
   994.77808155660193     
   1000.0094919610307     
   1002.8867768759116     
   1007.7903081500739     
   1013.5806822179352     
   1015.8283046897546     
   1018.0121688963045     
   1020.9014595816684     
   1025.4619601722120     
   1030.2797570533935     
   1033.9000545732590     
   1043.0555227152720     
   1046.5631502796884     
   1050.4527673123316     
   1053.5799574353616     
   1055.3091211161443     
   1059.2012247800526     
   1065.0357848347494     
   1067.6930063446612     
   1070.2494618370222     
   1071.8855405696963     
   1074.5412661570747     
   1077.1672093982684     
   1080.3775734824326     
   1084.9106718073183     
   1087.4779016550385     
   1092.2202564115833     
   1096.3697929906546     
   1098.7401686768835     
   1100.3146330409270     
   1107.4323298165828     
   1110.2942579571079     
   1112.6797256718760     
   1116.3864320277330     
   1118.7131635648025     
   1124.3200397032847     
   1126.4058273802154     
   1132.9557760601779     
   1138.7073158489595     
   1141.6092546902453     
   1143.4243857435897     
   1147.2164543747115     
   1149.2217652859611     
   1155.5468417356490     
   1159.6049795059696     
   1162.4363836613295     
   1165.8393657698675     
   1170.6115795627902     
   1174.3985291225074     
   1176.7063178748695     
   1182.1797982707158     
   1184.8477992294509     
   1188.9459982721037     
   1192.5932741033569     
   1195.8217407585551     
   1200.7617552965446     
   1204.2068939718433     
   1209.1205590726024     
   1211.9995068073702     
   1215.8992695810184     
   1219.2724328975225     
   1222.6406859628671     
   1224.4145614457502     
   1225.8207080808340     
   1233.8251060729665     
   1239.1539827039169     
   1243.7686975278164     
   1249.2874386052422     
   1253.4256243529453     
   1255.6455568416675     
   1260.8115787515369     
   1263.5923182251463     
   1267.1123949583714     
   1269.0062942672685     
   1271.2950704052976     
   1273.2181391443992     
   1280.2901169521153     
   1284.5030032958473     
   1287.1923159244802     
   1290.4707140942135     
   1295.3915000651687     
   1301.4322118338775     
   1303.8732470723710     
   1307.9596468100397     
   1311.5663991786498     
   1314.9066711031426     
   1318.5701628419913     
   1322.4742973593479     
   1326.7427655630706     
   1330.9482072305084     
   1333.3476570435218     
   1335.8071129682421     
   1340.2076971238428     
   1343.8926053839796     
   1346.4983453489442     
   1350.9845190155206     
   1354.4229620489018     
   1358.4670223951503     
   1362.2312365659427     
   1365.5753876749920     
   1368.4824811200401     
   1372.1260880372349     
   1374.1374207559984     
   1375.7479298758160     
   1378.4622746260814     
   1380.7496572563616     
   1385.3288510496182     
   1390.0080820471399     
   1393.2299651806445     
   1396.0324919499458     
   1399.5040357499126     
   1403.8046611976295     
   1405.9194293932619     
   1408.9036225252592     
   1411.2623213082293     
   1412.4405581490155     
   1417.7598237739244     
   1421.3275465462816     
   1424.3050337677062     
   1426.7690066818948     
   1432.5825039365127     
   1436.6961326886881     
   1439.6002296799625     
   1442.7260623733187     
   1446.2533232885391     
   1454.1939422718222     
   1460.1517533570220     
   1464.1230725905714     
   1467.1456311263630     
   1471.0979077568904     
   1473.2452314855184     
   1476.1688041791990     
   1479.3021737164338     
   1484.5644805933666     
   1489.3128345249024     
   1494.7818808325626     
   1501.7357682624813     
   1506.2466478113672     
   1509.0216297906361     
   1512.0068116961306     
   1517.7364196461938     
   1520.4777418559297     
   1522.7789125387203     
   1526.3326517956259     
   1529.3880563317091     
   1536.9429569593947     
   1539.7114256747998     
   1545.4777914780202     
   1551.3542710719448     
   1553.8662205542580     
   1558.3769388595379     
   1562.3125516926716     
   1568.3905659302720     
   1571.6948420880469     
   1579.3050151283114     
   1582.3527317039645     
   1585.7096868193012     
   1588.7737262408036     
   1592.7633504167941     
   1595.4018452251028     
   1600.3530076847599     
   1603.2301779821603     
   1607.6973657248268     
   1613.7040393458128     
   1618.0428883370921     
   1620.4873684241663     
   1625.7112613250290     
   1630.7260891465367     
   1635.1386898539868     
   1639.9924867290702     
   1642.4157105333093     
   1646.0714791453595     
   1650.7977725722124     
   1654.6130935839074     
   1658.3484303620030     
   1661.2774367479151     
   1666.6271366487467     
   1669.6576210921316     
   1684.5572295666100     
   1688.5460112705414     
   1691.3362570294325     
   1697.2965621372616     
   1701.0613972053634     
   1704.8985209074440     
   1708.7589020164867     
   1713.9972922182717     
   1716.8279061796684     
   1720.5098144875210     
   1725.8717981339953     
   1729.4531654407679     
   1733.6592142656521     
   1739.5845589175249     
   1742.6740484277957     
   1747.7984454815030     
   1751.2977253946560     
   1758.8559965041195     
   1762.0878643765695     
   1763.9720475974143     
   1768.7286421929655     
   1769.6443076148728     
   1772.0953022070883     
   1774.5921079450750     
   1777.2388024863315     
   1780.6851099064206     
   1784.2439642917459     
   1791.9346087511456     
   1794.9997279736142     
   1798.1915271955563     
   1802.9891804305687     
   1806.8356522358179     
   1809.0029688365951     
   1813.1567236900571     
   1815.2458813531512     
   1820.3114468750687     
   1823.8555093001848     
   1826.9790989989856     
   1830.4751870337150     
   1832.0642031431546     
   1833.9510153062358     
   1841.2427861688857     
   1844.2389002207076     
   1846.6590885811522     
   1852.1754397969075     
   1855.5936220184826     
   1859.7372702051885     
   1863.3425046183324     
   1870.8115691586709     
   1876.1813447285608     
   1881.3409235509700     
   1884.5396094100704     
   1888.1083019507985     
   1897.0323468211041     
   1901.4927672652736     
   1905.1829993662525     
   1906.8212426317805     
   1910.6005534486394     
   1917.1524100388419     
   1921.0801009353972     
   1926.1830185410097     
   1931.9295470571501     
   1934.3910804069719     
   1937.2232061335794     
   1941.4378120238930     
   1943.8755810594032     
   1949.6957822849556     
   1956.8518896361104     
   1959.0733210807241     
   1963.3822822269742     
   1968.1659469597325     
   1970.4824428104134     
   1976.5085530074323     
   1981.3434375502229     
   1983.2051223786268     
   1986.4760989843978     
   1990.2223212953209     
   1992.6234165190920     
   1997.1510527851303     
   1999.7158890943451     
   2003.4097004951486     
   2009.2818432754241     
   2014.3667006505584     
   2016.0513647863620     
   2019.0981894635465     
   2022.6365993482134     
   2025.9398770451860     
   2029.1569184350310     
   2034.1059061232922     
   2037.0500013063290     
   2038.1985734009827     
   2041.5545553816244     
   2046.5319021050259     
   2050.1121630370167     
   2052.3417230610330     
   2055.4273307244662     
   2058.0311505304890     
   2062.5623019306313     
   2066.2494354622086     
   2068.9535210389859     
   2073.9217953610000     
   2079.9963673757979     
   2083.3704566773931     
   2088.6640864809747     
   2092.1913284410307     
   2094.7440879033015     
   2097.4423324318614     
   2102.1338815125273     
   2106.9359409804665     
   2109.4801970661965     
   2112.4582544775890     
   2115.9961959501384     
   2118.8945738414450     
   2124.1505098958100     
   2127.6452289114350     
   2131.4473365882855     
   2136.1132291521658     
   2138.6623926830389     
   2144.2944657912503     
   2147.5085590819735     
   2152.6973667152129     
   2156.6471538071987     
   2159.1405075290209     
   2162.4436145108816     
   2165.7396143011033     
   2168.0595264154317     
   2174.2630378955714     
   2181.1400173383049     
   2184.5848485721203     
   2186.1611257232271     
   2191.3509779164860     
   2197.0022877833212     
   2199.5046703222492     
   2202.9683425268886     
   2208.6925458480628     
   2211.3550056687695     
   2214.7513931107783     
   2219.3857265193888     
   2223.8032193695431     
   2226.5098377632694     
   2229.5473046043689     
   2233.4176985219783     
   2240.1221718887496     
   2244.0026512403088     
   2246.8546549610232     
   2249.0161015752738     
   2252.7031753777160     
   2256.2626012555256     
   2261.5974064530856     
   2265.2885781408700     
   2272.4891437576798     
   2275.4982700515902     
   2280.0679155843573     
   2282.1111829360329     
   2286.5063366742233     
   2289.8323027559641     
   2292.8722560475644     
   2298.3297747564607     
   2301.6167414817514     
   2305.7778649059937     
   2308.3071452997519     
   2309.8085807441271     
   2311.7747927953565     
   2317.0838351484740     
   2321.5021982950830     
   2324.4410147541744     
   2326.9770189384753     
   2330.1763041431764     
   2336.7265167793630     
   2340.1303414083754     
   2342.9562610454491     
   2347.2136642501978     
   2352.4565268991628     
   2354.3301322533152     
   2358.3330732029385     
   2362.1119047453740     
   2366.1776721470515     
   2372.5988608635398     
   2376.8231165113934     
   2385.0959633330690     
   2389.7075917058060     
   2393.6953200050139     
   2398.5713493796620     
   2402.6849721725362     
   2404.8858126766668     
   2410.0547748465688     
   2413.1753246822250     
   2417.9127632684745     
   2420.2111581466943     
   2423.8222890066631     
   2434.3651743869891     
   2444.1417933305966     
   2450.2500678564866     
   2459.4036751802228     
   2464.9757117145782     
   2470.1660135809484     
   2472.6588015378102     
   2476.1318303019343     
   2479.5511215647994     
   2486.2884247613142     
   2489.6378822980478     
   2494.6267338792100     
   2499.2106719158196     
   2502.2123510576921     
   2504.6096262213186     
   2507.6157026470305     
   2510.4983961423318     
   2512.8340648640428     
   2517.8843898181990     
   2521.8124781824017     
   2526.1145960675926     
   2529.7260238912772     
   2533.3208617094933     
   2539.4386332438444     
   2544.2368977054412     
   2548.1342368543242     
   2556.8484938485026     
   2559.0293341905171     
   2562.5012209177148     
   2564.9173937099476     
   2568.6293641678531     
   2573.7364215612056     
   2578.8300783607669     
   2582.9876297051705     
   2588.8099790607635     
   2593.3794648665039     
   2595.5375871116189     
   2600.9572092829180     
   2607.1084771454939     
   2612.2971349263853     
   2617.3106571709955     
   2620.2994089297013     
   2624.2331417731702     
   2627.9468373011314     
   2630.5208250171977     
   2634.3516944083003     
   2638.0335901945728     
   2642.3681873683104     
   2645.9709349851546     
   2648.4066311624651     
   2651.7156998920550     
   2654.7008992571800     
   2659.0218388960429     
   2661.1610638612005     
   2666.9171102698488     
   2671.1141253841647     
   2672.7264204027178     
   2675.1503879936563     
   2679.0304501557980     
   2684.4648728415295     
   2689.1831167675136     
   2693.7694082307262     
   2697.8699711093795     
   2702.2573480501410     
   2706.8681315263871     
   2711.2756757287275     
   2713.4245025609289     
   2716.8013462694471     
   2720.5865622741353     
   2722.7037016436943     
   2725.4108526224300     
   2729.0155168388028     
   2732.3991184904908     
   2736.2927269902120     
   2739.3670920781083     
   2743.4630098621938     
   2750.5320382940413     
   2754.1746108076813     
   2758.0856706842042     
   2762.0552604489276     
   2765.6443461014537     
   2769.7691881011710     
   2773.1622314722690     
   2776.3039623334489     
   2778.7548680406439     
   2782.8525553307331     
   2787.5752682207426     
   2790.6129174323250     
   2793.0190925528264     
   2796.4058310307605     
   2798.5565927867574     
   2801.2514239759175     
   2804.9538502539099     
   2809.7169491851560     
   2813.7086966128327     
   2818.8021133631496     
   2823.0433412835978     
   2825.2445725244988     
   2827.3126855212381     
   2831.2587406212547     
   2835.9057565653825     
   2842.4220890606011     
   2848.2110364642544     
   2851.3877989545094     
   2855.1852830926600     
   2860.7538866457921     
   2866.4520522574530     
   2867.7741592281864     
   2869.0405571298015     
   2872.1696157251336     
   2877.2679492412385     
   2883.1251160893612     
   2885.9184859570355     
   2889.3990573198148     
   2893.3074262594869     
   2896.1126714156089     
   2900.2267373673126     
   2905.6321510641110     
   2907.6681952767503     
   2911.2203330961142     
   2915.2556083259433     
   2919.5761619098494     
   2926.0320276927205     
   2928.4227576177595     
   2932.5709450414574     
   2935.3597675806136     
   2937.2804339382647     
   2940.6002301873400     
   2945.0184355984020     
   2948.1021944268796     
   2953.1881469069922     
   2958.6597456968702     
   2963.2675127628554     
   2968.1092270824906     
   2970.8563948219949     
   2973.1622873358833     
   2977.2876970844650     
   2986.3624756987210     
   2990.0005577434813     
   2993.9535073552574     
   3003.1902272939942     
   3008.9100399035210     
   3013.1328393609838     
   3018.5525730675367     
   3021.9631738151934     
   3026.6915250550428     
   3028.0702361543986     
   3031.3812002849177     
   3034.5509213402429     
   3038.1646894253286     
   3040.7454606543688     
   3043.9258769717208     
   3047.3967264560115     
   3053.7478526377845     
   3056.4500109332503     
   3059.4073762282578     
   3063.4230460305607     
   3068.7543692253362     
   3074.2080571737829     
   3081.9625728345036     
   3085.2006888294695     
   3088.5217617407770     
   3090.8586474209819     
   3095.4692183790412     
   3101.4570246507774     
   3109.5811403098660     
   3113.6002352360219     
   3116.0445274816052     
   3118.7408432136731     
   3120.6034834395878     
   3124.8781152858992     
   3128.2283869462276     
   3132.4246011331206     
   3134.4544561094744     
   3139.6019363678238     
   3141.2522957154856     
   3143.3414058262247     
   3147.9494910995882     
   3151.3152541152817     
   3154.9272480296081     
   3161.3692593559467     
   3164.9168949490650     
   3174.7411795814028     
   3182.7793352705326     
   3184.5205148643445     
   3190.5930940955550     
   3193.6607084256702     
   3195.4749969346440     
   3202.5451903495277     
   3205.6639294277438     
   3208.1382898652105     
   3213.8871185646822     
   3217.7456698739625     
   3220.7971670734901     
   3224.4780762291771     
   3229.2917083129560     
   3232.3883821460677     
   3236.7085097528857     
   3240.4976395065100     
   3244.2665500980947     
   3247.1704588517082     
   3250.5127671694790     
   3253.2562824703987     
   3256.9462705596457     
   3260.4945480987458     
   3265.6843848814392     
   3268.4311647854302     
   3270.8592353368599     
   3278.6243227005621     
   3283.0751368827900     
   3286.1235391712876     
   3289.2243498976782     
   3293.2978634644091     
   3298.0894489050556     
   3302.2085506115714     
   3304.5774660223024     
   3307.5622271006605     
   3310.8387952545982     
   3314.2914100596618     
   3321.2834518774926     
   3324.5425105207310     
   3328.0813255836929     
   3329.8181201540774     
   3333.4237612675629     
   3339.8027116727667     
   3344.8246936402670     
   3348.6161470677039     
   3357.8594398987598     
   3360.9199633144681     
   3364.3271387089694     
   3366.3403367689748     
   3369.2220172043426     
   3371.7795306705439     
   3374.7275964806468     
   3380.0437048236158     
   3383.1286648474124     
   3386.9391993856807     
   3391.4235299364486     
   3396.7864333922853     
   3399.7167592497426     
   3405.6781131058183     
   3410.2785405093159     
   3414.9336365961622     
   3417.7215002030166     
   3422.4891183470786     
   3425.5253896313429     
   3428.3235178427090     
   3431.4142290438435     
   3436.5594763493777     
   3438.6007982327360     
   3440.9811641068882     
   3445.1156714427289     
   3446.6847884597883     
   3448.8745392306582     
   3452.4511134779309     
   3456.6606818747628     
   3460.8759692350341     
   3464.0413724563032     
   3466.9612094829590     
   3469.9626319286672     
   3472.3565784455309     
   3477.3046812039520     
   3481.4583822609443     
   3488.5777246859047     
   3492.2501167209407     
   3498.1235888745628     
   3501.4158283580691     
   3504.1725932039362     
   3508.3778284581153     
   3511.8752457671103     
   3514.3224932886133     
   3521.3980318447716     
   3529.1820826215949     
   3531.7473813705565     
   3533.1824579902122     
   3537.6299291818186     
   3540.6179805174029     
   3547.2090391204483     
   3551.6171838636110     
   3555.4717728985925     
   3557.8275343501009     
   3559.8462906333707     
   3562.8273974918488     
   3566.0765238206272     
   3570.6359638761473     
   3573.0399045376271     
   3577.3449982136644     
   3580.0606685218336     
   3583.1880112025083     
   3587.3454277874202     
   3590.8374372233061     
   3593.2868945560681     
   3597.8954371938403     
   3601.5136478139557     
   3603.7576863569502     
   3606.9120099793831     
   3612.5740009874094     
   3616.4332769159896     
   3621.7084585686289     
   3626.2557463773019     
   3627.8233848493687     
   3634.0802275286701     
   3638.7697293941260     
   3644.9872819597722     
   3650.7718822207635     
   3656.8447210441477     
   3660.0732399366902     
   3664.3315475879022     
   3669.1876330399646     
   3672.3508928111464     
   3675.1615866611469     
   3678.5479718882698     
   3682.7938952527311     
   3686.3057603084744     
   3690.2384094672093     
   3693.3331639753196     
   3697.9402594216276     
   3700.8079124213587     
   3702.6886412098866     
   3707.7611273091952     
   3710.8823166499656     
   3715.1649226952563     
   3717.8387801630643     
   3720.7074441839568     
   3723.5710053352809     
   3729.5553149693146     
   3732.2846463953056     
   3734.5983808904625     
   3740.8631188542499     
   3747.7774438577831     
   3751.7677420533241     
   3753.9736105065722     
   3756.9289569489733     
   3761.9691306731575     
   3764.3683216228810     
   3768.0045485207870     
   3771.0089480778588     
   3774.6027659777733     
   3782.7227875516264     
   3787.1307160119418     
   3790.3819779547252     
   3796.1811046605176     
   3798.1361434413675     
   3799.8272692715841     
   3804.0229681279493     
   3812.6085000431644     
   3817.1511878247243     
   3824.7197058294469     
   3828.4707521233868     
   3829.8287153252941     
   3837.0467900829922     
   3839.9424979437422     
   3847.3648857569101     
   3851.9805977212613     
   3854.6016480581388     
   3856.1238412861680     
   3860.4052473096722     
   3862.2890992173343     
   3865.6977607617168     
   3869.7296322148445     
   3872.7654917698696     
   3875.8521869053257     
   3878.4959415353446     
   3883.6921076953054     
   3885.6122881712818     
   3893.7703671643571     
   3897.5383610354079     
   3903.3117740419457     
   3908.5717019673143     
   3912.9320485088929     
   3917.8178037852676     
   3924.3043318708419     
   3927.9143553936151     
   3931.3722515582176     
   3935.4181713970693     
   3940.7274829583189     
   3942.8168871256280     
   3945.0830860778924     
   3950.9698687509790     
   3953.7862250013704     
   3960.8640520680970     
   3964.4964385375447     
   3970.7894110572643     
   3973.1559232402133     
   3978.1764626460968     
   3979.8712359980200     
   3985.3634867358528     
   3988.2695115752463     
   3992.5879363918316     
