        1000
   2500.0000000000000     
   2493.0797667028951     
   2495.0657941153154     
  8.51891010891595579E-002
   1.9732484824345011     
   3.2188447926099069     
   5.4982217779731295     
   6.9453789299644528     
   8.3083979427837367     
   10.160409770341378     
   13.863994667418400     
   17.861934081205650     
   19.997498889080674     
   21.725786326108096     
   25.212561192325552     
   26.924313263458167     
   30.634025006059897     
   32.583596510224417     
   35.975350100107192     
   39.088896755879006     
   40.883515595843889     
   42.293333874986210     
   45.280717289546075     
   47.951617459333704     
   50.173823931170659     
   52.882771483367861     
   55.548084817148052     
   57.965740729649077     
   60.060289580413958     
   61.852523594761585     
   64.615766959583397     
   66.553518932648188     
   68.880414981259989     
   72.120724104733767     
   74.739630232780371     
   76.983820665185036     
   79.094430484035342     
   82.218544175868885     
   84.327014421426696     
   87.702114892029670     
   89.357623986163915     
   91.471311392911119     
   94.106851072195226     
   96.491800865905844     
   99.520717160435538     
   101.87751578715704     
   105.57128860105418     
   108.07085976765126     
   110.15818552487404     
   113.27962788081048     
   115.42542826217534     
   118.98299975672477     
   121.07959608009261     
   123.07356099263922     
   125.46866511856773     
   128.82118000707052     
   131.55862892113834     
   133.47401971873725     
   135.30220350674776     
   136.98489452540181     
   138.64288890225288     
   140.32398655149345     
   142.05097902518023     
   145.96865127643045     
   148.23541340885183     
   149.39845190750486     
   151.94775377177226     
   154.46669019469266     
   156.34318575296811     
   157.93863942727305     
   160.20788283149125     
   163.80299393196091     
   166.11081925709587     
   168.28252920662308     
   169.99487312143580     
   172.49427590870522     
   174.66168876552334     
   177.12257774801350     
   178.43423131732365     
   180.62718088404930     
   181.96549322590707     
   184.20491726121048     
   186.79763919821184     
   189.25656066488423     
   192.91960697641383     
   196.36258646923619     
   199.22077737813188     
   202.23635538170635     
   204.30742364513591     
   206.11375203815234     
   209.31619561497430     
   210.97215529154550     
   212.96010604581275     
   215.56593093164022     
   217.12806332704537     
   219.73047276726541     
   221.50210939453331     
   224.65445907308984     
   226.38440129771840     
   229.37090607521543     
   231.31259313041005     
   235.19680447860145     
   238.17226992513292     
   241.12241196741928     
   243.16776311809812     
   245.65869896570757     
   247.60868682062173     
   250.25372625106829     
   252.06626781108773     
   254.58588775037484     
   256.64060617454692     
   261.19792076822949     
   264.31467799078138     
   268.05582260609452     
   270.65526347847754     
   273.36238162080826     
   276.20002350537658     
   280.23043476493729     
   281.87349730798371     
   285.03183555383242     
   287.43158604239079     
   289.79910414737230     
   290.84741583486027     
   293.02089415562580     
   294.17282769536212     
   296.67586439120333     
   298.70757901193366     
   301.00082548351753     
   304.24014372767095     
   306.56243218330883     
   308.87722142155434     
   311.73420636334095     
   313.60295156996807     
   316.17558543213624     
   318.78866563928614     
   323.66443147854835     
   325.67588085364338     
   327.59688415951769     
   331.79926702377605     
   334.05812642646094     
   336.35492382694872     
   337.86385441639578     
   340.01166345629434     
   341.65378187396436     
   344.58132440349357     
   346.27928794250170     
   349.88601840833826     
   352.54215740404231     
   354.99123413988838     
   357.53281205310543     
   359.83322529243281     
   362.16015874960880     
   364.78337767827492     
   366.99314287144023     
   370.13770952498794     
   372.35732474607846     
   374.32500445681495     
   377.67592610064361     
   381.01267588511070     
   383.28579415172334     
   387.37136811701561     
   389.20304642229581     
   392.84738968652755     
   393.99642778200064     
   395.94572133805298     
   397.37975993529909     
   399.10095030451947     
   401.04382781180146     
   403.53531432441122     
   407.20495746893005     
   409.35308558182038     
   411.45799365011243     
   413.97595375528329     
   417.32500336666118     
   420.06107741530036     
   423.65131722715859     
   425.71472431447410     
   428.68000772056354     
   430.07749641139520     
   430.82724089610753     
   435.00741894618062     
   438.05402767866173     
   440.03439546630665     
   441.96596073248350     
   444.28324897077749     
   447.53042976075233     
   451.38798109701736     
   453.63619428977069     
   456.04435629320619     
   458.18657084849019     
   461.66848343051697     
   463.80001614187711     
   468.27091841217748     
   469.94104874341565     
   471.98773016861503     
   475.09374195472429     
   477.32725067127336     
   480.39242809787555     
   483.25676312206826     
   484.86057287243608     
   488.14213044680088     
   490.27219099039610     
   493.47233029804471     
   498.33462325393884     
   501.08674679237231     
   503.89455930087786     
   509.32738636236434     
   512.57051376578443     
   514.36771635326875     
   517.65431057084095     
   520.99574017709153     
   523.07830777545144     
   526.11168444680379     
   530.57818870343908     
   533.25511151472460     
   536.20727005354297     
   538.75041233899606     
   540.68117178085356     
   542.49788072552587     
   544.99150237715139     
   546.46363494296838     
   548.86258293884043     
   551.10406188505340     
   554.83358276608135     
   558.17791519554430     
   561.11704393859725     
   565.35490428101843     
   568.53675087326121     
   571.84388265617702     
   572.84046782926441     
   575.58310246474639     
   577.64255797952046     
   581.74243951040785     
   584.54993951746656     
   587.02989833391302     
   590.63140931360169     
   594.64318397630961     
   598.73470455373695     
   600.03152596032896     
   602.72825123675000     
   605.49878685634292     
   610.95385793179310     
   613.87204918689667     
   617.41800887292482     
   618.79905387547024     
   622.30338639375270     
   623.84266700102887     
   626.25983601419205     
   629.10134326489640     
   631.19222915861906     
   632.84122014551531     
   634.62844898155890     
   637.36335353899290     
   640.93000946174709     
   644.20655217348531     
   648.36792009027135     
   649.82343642782234     
   652.96566309045920     
   655.66536992684280     
   657.56121256675169     
   659.32757643436616     
   661.71113830563547     
   664.68322119111986     
   666.19010900017020     
   668.19558727205310     
   670.27311489403394     
   671.83387308427496     
   673.65093596900510     
   676.26355783437748     
   678.57373714563664     
   681.30518410677769     
   683.34211205348959     
   685.57747503399071     
   687.40146985278091     
   690.75392704145759     
   693.13943944292760     
   694.95130848108408     
   697.44640685332092     
   699.37825723712649     
   700.51868101835180     
   703.83278780166734     
   705.65661132535945     
   708.51474997589742     
   710.54029091049347     
   712.00842076057563     
   713.88938036666525     
   715.80878553459456     
   719.94330048496715     
   722.51948329615198     
   725.39487774210852     
   727.78515757456751     
   730.39991919774275     
   732.24951142062457     
   734.07296984058314     
   737.15953940196925     
   739.20600251491794     
   741.04895687922192     
   743.90510592906423     
   746.62414396866166     
   749.87453672667868     
   753.14701833693471     
   754.39312490300290     
   756.39945165302663     
   759.82944089143655     
   763.60029915412520     
   765.68400495109677     
   767.96140005078803     
   769.28456086220808     
   773.83761361386496     
   778.18695587945876     
   781.13813619365658     
   783.56074909560243     
   787.25569484778259     
   789.32426590197292     
   790.93409461133569     
   792.79352842847584     
   795.31912587485385     
   796.59157596463626     
   798.03772355982790     
   799.85813119916884     
   801.63813538806016     
   803.61812548864282     
   806.37859778345637     
   808.99899090140593     
   812.47579822785087     
   814.41334772416155     
   815.76205118187931     
   817.64575784919577     
   820.80411544898516     
   823.44529279068922     
   825.16104135490048     
   827.88948853200282     
   830.76395133865049     
   832.53171721373189     
   835.01185305142189     
   836.56138513495625     
   838.77940193958705     
   841.38156450372287     
   843.40399356018702     
   845.99248970498547     
   847.63312683897561     
   849.99962403619384     
   852.79998587025841     
   856.28736980358804     
   858.02697403100569     
   859.23457277542207     
   861.36930233622161     
   862.86231158446560     
   864.79996157130472     
   867.14683447369111     
   869.58445668676791     
   871.63767329209622     
   874.10064493535822     
   876.27743239585811     
   879.50856430030058     
   881.26847974980274     
   882.99579454452351     
   885.25692944940840     
   887.33832851368015     
   888.46106038010225     
   890.85039181397053     
   893.67328633903401     
   896.22405818236984     
   897.75200211019944     
   901.12566226676927     
   903.94511065434949     
   906.00736006138220     
   908.17097335952315     
   910.23521468035801     
   913.60134081667775     
   918.32766192840643     
   919.56211194947309     
   920.92980228661418     
   923.87655330826760     
   925.22664277326453     
   927.50096766767012     
   928.88212123679796     
   932.18961681555061     
   934.32197362840645     
   938.52301678023468     
   940.62833371114152     
   943.40164037976399     
   944.81072581142621     
   947.11126948812591     
   949.48696033290537     
   951.34410936931624     
   953.42246031076638     
   956.05749662627898     
   958.11019523878394     
   961.23142426003722     
   962.86556392418242     
   965.71836390417411     
   968.67479405902895     
   971.45409127466098     
   974.68360567517391     
   976.46387816192146     
   981.44111126728990     
   983.90119178716975     
   987.43276168561340     
   990.27425407440944     
   992.66715319235459     
   995.45140867949067     
   996.89946673191116     
   998.85073819337549     
   1000.5855872876257     
   1002.6063926608554     
   1005.9220298296166     
   1008.9053389674900     
   1012.2723481156381     
   1013.9747079508862     
   1016.7536031090905     
   1020.3141497177176     
   1022.3878580856855     
   1024.0473767604722     
   1026.7668397180526     
   1028.6905112240654     
   1031.6228023733015     
   1034.4937589610590     
   1036.9824515337007     
   1039.7524071629286     
   1044.0243138700723     
   1046.1374686750169     
   1049.6742115149027     
   1051.9115940023030     
   1055.6518132783772     
   1058.6217901732700     
   1060.6270615649901     
   1062.7792945908116     
   1065.8811223263092     
   1067.7389300165046     
   1069.8445954604222     
   1071.8136323545750     
   1073.8812798001281     
   1077.1580971096921     
   1079.2252979626760     
   1083.0930768247169     
   1085.2547859592069     
   1088.8149591711751     
   1091.4671361943574     
   1094.4349848651616     
   1096.7971546670281     
   1098.6427822924566     
   1100.2722340635050     
   1102.3865674698568     
   1104.2680713501516     
   1106.1364390794836     
   1108.4965919319875     
   1110.6778336933471     
   1112.6372203051637     
   1116.4307555701143     
   1118.3063719741558     
   1120.5475321930437     
   1123.5531892300871     
   1124.9845145433383     
   1127.0240898259624     
   1128.9095606491890     
   1130.4765165989058     
   1132.7916037959615     
   1135.1613412217107     
   1137.4570447321585     
   1139.3128595901485     
   1141.2056740872442     
   1143.0916441652676     
   1146.0203672111236     
   1149.5793944393631     
   1151.2756665007234     
   1153.5974262164475     
   1156.2471191423454     
   1158.0065916482481     
   1160.4763263643163     
   1164.2229284568505     
   1167.1484262759736     
   1170.4424162643136     
   1172.0538202470918     
   1175.3424476369014     
   1181.4426446237587     
   1184.9260187474645     
   1186.9422499729569     
   1188.8084330559300     
   1191.6441903779785     
   1193.6333665755801     
   1195.7545324844409     
   1198.6362019499409     
   1201.4144768538806     
   1203.4172913897903     
   1205.7200480799625     
   1209.3752192402767     
   1211.5553076427632     
   1214.4882362771145     
   1216.9539294924928     
   1218.7334167547963     
   1221.4354705379485     
   1224.4893172099867     
   1226.4194078699329     
   1229.0452443220549     
   1232.2722410765055     
   1233.9963607573682     
   1235.8345423772907     
   1237.6581151482678     
   1239.7863737109744     
   1241.7983375640140     
   1244.0951851604223     
   1247.6905382808397     
   1250.6371232967319     
   1252.7011912059379     
   1254.6414598782205     
   1256.3856642020135     
   1257.9629093912311     
   1260.2105013607875     
   1262.8450406515406     
   1264.9499903460883     
   1267.4653452466764     
   1269.1850136355581     
   1270.9989262089587     
   1274.2896236541426     
   1276.8883785060964     
   1278.6401404652672     
   1280.8424994111097     
   1282.3843544024116     
   1284.0763931392232     
   1287.0797819664540     
   1289.2901276498528     
   1292.1325857967151     
   1295.5171505579715     
   1297.6575738282047     
   1301.0516882866775     
   1304.4207964756627     
   1305.8950036300400     
   1307.9658469403048     
   1310.0078969142799     
   1312.9391289156160     
   1314.7516790890897     
   1316.4471779389658     
   1319.2307334287646     
   1320.9566518777704     
   1324.4250445016662     
   1328.1447700893236     
   1330.7710232614941     
   1332.4518160527939     
   1334.8123975884096     
   1337.3458193544200     
   1340.1851745792496     
   1343.1335155328995     
   1346.5933880969110     
   1348.1652558796443     
   1350.5011190850400     
   1351.9425689168356     
   1353.6487304481241     
   1356.8948849987444     
   1360.1698082829078     
   1362.5295829235156     
   1364.4433632154216     
   1366.9475051904974     
   1370.2485884115795     
   1372.1678087307112     
   1374.2650902369799     
   1375.8781051261319     
   1379.2777509765697     
   1382.4559459449649     
   1384.1858681095327     
   1386.7743477260653     
   1388.8063823500804     
   1390.9502875633077     
   1394.4747355635143     
   1396.4129501577568     
   1399.1750682064123     
   1400.6901236492781     
   1403.1515441499066     
   1404.3158337423663     
   1407.7837382599357     
   1411.6083063550288     
   1414.2720423601845     
   1416.3184600884433     
   1420.0678952138385     
   1421.3567230564436     
   1423.6307121431655     
   1425.6690402642746     
   1427.4611811050709     
   1430.2386335124720     
   1433.7595693365345     
   1435.8310545386764     
   1438.6249754230278     
   1440.2173503798213     
   1442.1041352611867     
   1443.8723020434952     
   1447.3326456029488     
   1450.3557262554386     
   1453.2054487240921     
   1454.9026008082953     
   1457.5077028689611     
   1461.9501500690319     
   1463.9186294493732     
   1465.7889730891361     
   1468.2748903566605     
   1472.3834932410705     
   1473.9746030338497     
   1476.0659711649496     
   1478.8280110505714     
   1481.8585953334500     
   1485.9069821333330     
   1487.8818962583573     
   1491.8837766510437     
   1495.8342100706900     
   1499.3270479418898     
   1502.9864649583842     
   1505.4974577565906     
   1508.3142919072732     
   1509.7449162430389     
   1512.3628082815640     
   1516.5155162395874     
   1518.4740234473679     
   1520.5506699282550     
   1525.2347344661750     
   1528.8659923594485     
   1532.0552817062946     
   1534.6830045005252     
   1536.4177219402052     
   1539.6187380472843     
   1541.2329154366985     
   1544.1528502855933     
   1547.4166554582955     
   1551.1385283404613     
   1554.3823277323893     
   1556.5626905110948     
   1558.1633066149527     
   1561.0078675472466     
   1562.8316242651024     
   1565.4690588663132     
   1567.5431521337089     
   1570.0418561463396     
   1571.4099790200012     
   1573.8969261211528     
   1575.6836261075014     
   1578.0545199956771     
   1579.9524563977859     
   1582.1658838135531     
   1584.5626056530220     
   1587.2147938578892     
   1590.8808061288898     
   1592.1793257390855     
   1594.8937644634134     
   1596.5195679728322     
   1599.2279060214723     
   1601.5147146098643     
   1605.2282761010076     
   1608.5085600722550     
   1614.4907140621260     
   1618.1645798239590     
   1619.5909485952607     
   1620.9835080417647     
   1624.2082600997398     
   1629.5344384002626     
   1631.5790291949966     
   1634.1074663446861     
   1636.4470747088196     
   1638.0766133198192     
   1640.0485895689249     
   1642.6866448274643     
   1645.5146835076864     
   1648.5223316660051     
   1651.0922670681095     
   1652.8446330596553     
   1655.3422365802148     
   1657.3686652202111     
   1659.1157563729769     
   1661.7446003114453     
   1664.5279900105065     
   1668.0116808889943     
   1669.2007684379741     
   1671.1821676695431     
   1673.7718826449368     
   1676.1319227822844     
   1678.7592862991671     
   1681.9776791627337     
   1685.4846692808940     
   1686.8353942896938     
   1690.4953066887558     
   1693.5632654686658     
   1695.7874891553181     
   1697.3944954881367     
   1700.3878926339905     
   1701.6025142238732     
   1702.4848042285591     
   1705.4256545136916     
   1707.3086642705564     
   1709.5655321921088     
   1711.2075671414400     
   1713.2900011717027     
   1715.5749329190598     
   1718.4678335965011     
   1720.2796222002739     
   1723.5426801938802     
   1726.3198436685798     
   1729.3861938616171     
   1731.0840325343638     
   1732.7557260939486     
   1735.4550272087972     
   1737.9170326088833     
   1740.2926233972348     
   1742.3963547163530     
   1744.0462890573085     
   1746.0086290740749     
   1747.0523416322969     
   1748.6104092896271     
   1751.0501398328895     
   1755.2463439959413     
   1757.8466293462523     
   1760.5473669222656     
   1762.0389153061412     
   1764.0460606647757     
   1765.7597585567585     
   1768.7561657654651     
   1771.4726940993328     
   1776.1739677116013     
   1779.6832452950709     
   1781.9748536012239     
   1786.4282172186363     
   1789.5946594649035     
   1791.8887394644962     
   1793.1014792181356     
   1794.2334424025009     
   1796.8927511970644     
   1800.1443588806887     
   1802.9415435408400     
   1805.6325040691675     
   1807.9184705896937     
   1809.3794056491918     
   1812.0803582985327     
   1815.6731779732040     
   1818.6499083874439     
   1820.5289501775646     
   1821.9896900461542     
   1824.1513763469184     
   1826.6550098946536     
   1830.8899951034387     
   1833.5899915591822     
   1835.0700752081311     
   1836.9114717007756     
   1839.0811400381547     
   1840.7879310798555     
   1842.7945165676979     
   1844.2565755828425     
   1846.5255636717568     
   1850.3218517120354     
   1855.1480618811902     
   1857.2878922462571     
   1859.5878093160566     
   1861.8633998663117     
   1865.2050554799546     
   1868.2890709102978     
   1871.6165201296028     
   1875.2681919037848     
   1878.3634057478143     
   1881.7953411034537     
   1883.9455189054052     
   1887.3115569859326     
   1889.6336459681202     
   1891.6118515627907     
   1892.9702400855401     
   1894.9301547136176     
   1897.8117008391287     
   1899.4289804184289     
   1901.5606268242700     
   1903.1428198882563     
   1906.4135296117788     
   1909.4151298913150     
   1911.3632854446330     
   1912.9026247997681     
   1915.6773197015143     
   1917.5920972948766     
   1920.5465526967346     
   1923.1661506275277     
   1926.2345394606266     
   1929.2384370866816     
   1931.0035936386487     
   1933.3620556974020     
   1937.7359046447666     
   1941.0025969390949     
   1944.0381059588908     
   1946.3197907254512     
   1948.1595817326972     
   1950.0772280599053     
   1952.1571369080518     
   1954.1685277279385     
   1957.8792962383679     
   1959.0608608364591     
   1961.9090718304290     
   1963.0305422585254     
   1964.6074634046722     
   1966.4828949054586     
   1968.5368504311543     
   1971.4114017391078     
   1973.4578430213871     
   1976.0649343657874     
   1979.7273602027287     
   1984.4671002817331     
   1986.1133616402833     
   1990.5173111916981     
   1992.8700063356437     
   1995.1126837877607     
   1997.8400028033850     
   1999.5771669899941     
   2001.7313349270428     
   2005.0001185383574     
   2006.9850944258424     
   2010.7031587851563     
   2012.1187600839680     
   2015.4233050840803     
   2017.7865308915161     
   2020.0702827952173     
   2022.7826974768852     
   2024.9160091862816     
   2026.5402299287557     
   2028.2702816434564     
   2030.7324792930533     
   2032.5287811155536     
   2034.8380750319971     
   2037.8142602376124     
   2039.8086822051407     
   2041.1878794466725     
   2043.5114450181666     
   2046.8667457800245     
   2049.8940265667306     
   2052.7196863652825     
   2055.0701148359285     
   2058.0755589017244     
   2062.0006793141119     
   2063.9005048680224     
   2065.6724669704686     
   2067.1550120500065     
   2069.7240431003424     
   2075.1076075335991     
   2076.6921398787208     
   2079.4028597803836     
   2080.5739168948171     
   2084.9492206485597     
   2087.5072777180339     
   2088.6472619449019     
   2091.5663841874925     
   2095.8302864915354     
   2097.1106264642622     
   2098.7616966546752     
   2100.6909890759998     
   2102.8483336306281     
   2104.2029263061822     
   2106.2150159239191     
   2109.5170557047218     
   2112.1947344519344     
   2115.7450676091312     
   2117.0068648534379     
   2120.1891013675940     
   2122.5321183996521     
   2127.0674317400858     
   2129.0833816101394     
   2131.0622326653797     
   2132.6688720499196     
   2136.0389353760597     
   2137.8029935143231     
   2140.0626511889477     
   2142.7677213206957     
   2145.3100149617176     
   2147.2993508236941     
   2148.9962075796889     
   2151.2954290944526     
   2153.0810138927536     
   2154.6525987892978     
   2156.8365704115727     
   2159.9717389865905     
   2162.0619544680071     
   2163.7082995964279     
   2165.9140725072652     
   2167.8596838856984     
   2169.6688779325050     
   2172.0071339350998     
   2174.4201346006685     
   2177.2802639981260     
   2181.1886739610823     
   2184.5248150562725     
   2186.5582506880601     
   2189.4674199834903     
   2191.6905621283954     
   2195.5449525649965     
   2197.1238160343187     
   2201.0614086504929     
   2205.5243120848786     
   2207.1538207651224     
   2209.2321538942679     
   2211.3345756226686     
   2213.0048126389052     
   2216.9365381684329     
   2218.7692281722898     
   2220.6248469258894     
   2222.7461450429987     
   2224.5013565488284     
   2226.9334686576885     
   2229.6066533388189     
   2231.8906702215563     
   2234.4336987120350     
   2236.4674038247704     
   2238.3790288187183     
   2239.6980650580999     
   2242.8316473162472     
   2245.7079956214334     
   2247.6790797730105     
   2249.5615796135880     
   2251.2988780502578     
   2252.7862906005817     
   2255.5525871315731     
   2258.6363025893734     
   2260.3983295033336     
   2262.8178465810151     
   2265.5756824293489     
   2267.7281640419419     
   2271.7171214230989     
   2273.4716322174677     
   2277.7577178358260     
   2281.7810620028763     
   2285.3199029458333     
   2287.9024178670493     
   2289.4497771663678     
   2291.9481173687609     
   2294.2097763964466     
   2295.9166578040326     
   2297.9076051938732     
   2299.7609068284169     
   2303.2177162737553     
   2306.0774756770929     
   2308.7374584907916     
   2310.5663796659005     
   2312.1873754748508     
   2313.5828016437845     
   2316.0258352538553     
   2318.6456347692560     
   2321.6490286762387     
   2323.3166058533334     
   2324.5223020279136     
   2327.6492910755815     
   2330.2038529969996     
   2332.6122665601265     
   2334.8322837892392     
   2338.8953305672408     
   2341.7431602297843     
   2344.3961843054753     
   2346.0056422549014     
   2347.3306750069482     
   2351.1191525890381     
   2352.4430932353412     
   2355.4718626078547     
   2357.9394667311453     
   2359.5559201245615     
   2363.3433637852386     
   2365.4233783530208     
   2368.4296663592290     
   2371.4858470293289     
   2373.0772085229119     
   2374.8318131136793     
   2378.2255766099374     
   2380.0104190884481     
   2383.8451376171784     
   2387.8821890749209     
   2391.3101515458425     
   2392.5900222806572     
   2395.6678231207907     
   2398.1363063091972     
   2401.8540840618198     
   2404.5458722573599     
   2407.3838831798703     
   2408.9987492804626     
   2411.2674586179583     
   2412.7487221924475     
   2415.8820648796391     
   2417.7599827087633     
   2419.8444932471457     
   2421.8836589834041     
   2423.7410281970774     
   2426.5275087833024     
   2428.4159408708474     
   2430.6905612731907     
   2432.7399778757472     
   2434.5075196702724     
   2437.0178380416210     
   2441.1521358406840     
   2443.9898915732429     
   2448.7000918341118     
   2450.5722634479043     
   2452.9810891585080     
   2454.8682143032547     
   2457.2405898277325     
   2459.3396593072680     
   2461.4398662140438     
   2463.1448535980912     
   2465.5584208606115     
   2469.6272981769143     
   2471.9074906637866     
   2475.1563008795938     
   2477.6794683247726     
   2480.7887656303678     
   2482.9694708226552     
   2486.0687631996439     
   2487.6821752237588     
   2491.0594495931264     
